0.123485839629623
-0.175122591613205
-0.147780855013245
0.077668849453180
0.757342350110674
-0.053149106508571
-0.210315114433530
0.830950987222359
-0.249934880628203
-0.328928912029145
-0.128545904601463
0.435171482677624
-0.203652382573409
-0.021749196243733
0.580340936083236
0.679343423553946
-0.127212861301398
0.129750242526763
0.056180218194230
-0.071601599764333
-0.540244339479989
0.029639369726420
-0.288807680423194
-0.145405486468672
0.617887137342387
0.072453580365128
-0.285204285699765
-0.096208587283068
0.717596037212961
0.202475682952438
-0.141937543092586
0.048037138311533
-0.195695723276902
0.642047178188779
-0.113641641692058
0.729825150398742
0.351155234230098
0.083248288519008
-0.210212544907860
0.100469886576645
-0.405625518392882
-0.058789353147613
0.703774341759576
0.418960074248119
0.189865896215461
-0.431889419719374
0.547901371637351
0.307755129266073
0.248427398916115
-0.043811721336854
-0.348095779954102
0.252987170585505
0.769443538927855
-0.117448456766077
0.105795314889106
-0.013656219305746
-0.185556968238615
0.634023181221381
0.232469259359123
-0.046422831574896
0.727201226601716
0.124675017282121
0.003737745212515
-0.323776844788581
0.033682995413116
0.124920418710694
0.065933072242044
-0.278519138138013
-0.524426996224888
0.623613483659016
0.262332721875513
0.098721436332996
0.306034938351803
0.636534103669827
-0.033151226159769
0.194924827424466
0.118857779083289
0.313939056282500
0.831721717690940
0.087679909292544
0.039533685228763
-0.487321213361674
0.636431118033109
-0.130474578252333
0.412041350254756
-0.442689219470264
0.643287503375272
0.263018608007324
0.145113256345204
0.339475111738701
0.096799788395213
0.712765994818906
-0.303271288584194
0.388731052156087
0.025305468550502
0.537103014611206
0.161833057758116
-0.433878303943856
0.047472865044479
0.122548790143751
0.459955608485800
0.111906852847972
0.823538465544430
0.052641779758657
0.180082776752858
0.116554540726285
0.622120549424465
0.585005948297279
0.325380099867329
-0.273713342610566
-0.312117380917914
0.539973802876358
-0.170998290353078
0.253322421264805
-0.473826014823817
0.228084886540689
0.710289783624089
-0.084711678789040
0.119346890851765
-0.068380651798083
-0.527149564060325
0.172843137435645
0.285652114607460
0.607571688794348
-0.175318826852970
0.873566535163599
-0.020548028566000
-0.127842638184513
-0.014473891610701
-0.048503883452580
0.174088079423914
-0.128089160314615
-0.454981083915261
0.030794066053248
0.707626140850460
-0.077653433071996
0.660727113436685
-0.351666290929439
-0.469722655987455
0.015458670795582
0.349690914547599
0.681954316019186
0.159420557321463
0.006165530797945
-0.278247089764642
-0.016991461644365
0.730915235619177
-0.075189908243485
0.337997151659377
0.207289028692254
0.259357503562436
0.729831519641475
0.294892986786987
-0.239211420638744
0.362079942779342
-0.187391766925771
-0.020295968695360
0.626413431436815
-0.020766857318272
-0.254382326114933
0.416655137486881
0.620974172259602
-0.106992652236546
-0.227201745874593
-0.477102738463431
-0.174739545221438
0.619379024007598
-0.383437470868253
-0.133314394062974
0.162313670099396
-0.197116207306894
0.111110498533554
0.407772470201525
-0.007647413906542
0.856484958175716
0.071104913332355
0.126495132912525
0.524239540976838
0.370139066263762
-0.153378887066184
0.307802542376065
0.169597157394996
-0.314440757884102
0.629942808778453
0.290414487213175
0.421544996710562
0.456383624271546
0.040243254827076
0.386142668927832
0.574004225432645
-0.382993688825655
0.093925207572726
-0.124988522897974
0.659214409569075
0.584211627519178
-0.165931354532188
0.585929694322125
0.415532791169399
-0.478171952721990
-0.255430594567789
0.581938907434857
0.301101319740523
-0.364765187012723
0.529658775348588
-0.320034032051325
0.253986939161584
0.091816723058056
0.025975147764669
0.297575825509192
0.623188392860108
-0.425364605648678
-0.353896715568736
-0.048941325469019
0.687339644079787
-0.074492769660350
0.001614425381572
-0.394884877139069
0.055000122257958
-0.086652523427920
0.733846532108149
0.668973648654481
-0.208796936552567
0.310552294914503
0.322245839121702
0.260895837014126
0.646098366785053
-0.125503160009685
0.074501240617353
0.236281752860407
0.278679324107344
-0.125260338037564
-0.035177137544859
-0.517370693646490
0.687013566549774
-0.342659105428687
-0.155256671454972
0.455288135044433
0.248041447908112
-0.244392673326554
-0.000012770628671
0.006824215036214
-0.274641202449243
0.000330393730828
-0.112028204114184
-0.061455028747321
-0.509465415985862
0.249954820845954
-0.302929029004229
0.039490918571273
0.000925582238759
0.000358186630951
0.144385467095512
0.158001223845777
0.654403013699410
-0.152106169733227
0.185386259734552
0.071997230489204
0.423165848878985
0.047951795002663
-0.000195868151591
-0.253121169922368
0.101107604217716
0.523130955276329
0.000728846772319
-0.015900476517993
0.539448671335281
0.095454344327017
0.436502729612335
-0.001663605166880
-0.153155306635774
0.000002485495416
0.014025596986341
0.370352851567596
-0.089631181129570
-0.370728689151001
-0.219637128735028
-0.257345462855818
-0.000285761977253
-0.017058271695655
0.101875426092775
-0.345065687254962
0.000208569577022
-0.242622893105956
0.398262710427707
-0.135563012085653
0.268529677996023
0.268727096447381
0.000487046922805
0.190555182754672
-0.131006549573625
-0.344177643122602
0.175668693645443
-0.003099269797945
0.121851646459569
-0.585682951670238
0.001265382003000
0.230090169087769
-0.520607052103564
0.120858590662793
-0.105228167401739
0.184925655972505
0.374437867169117
-0.211626290040034
0.139175810062929
-0.000741582184283
0.019844237081391
0.098559519410893
0.229101307154887
0.001344437969310
0.599088123362262
0.159581285640303
-0.022554169957645
-0.237472748547264
0.001432826516386
-0.259808372015912
-0.151072037079991
0.276968382616967
0.000021732584441
-0.249811063139619
0.084670253058384
-0.116751077832901
-0.001374625052393
0.326748401496797
-0.246191571805859
0.060991265544058
-0.127518695166526
0.000838845883045
-0.373186325608797
-0.197634632793834
0.210427095421818
-0.000170922606222
0.314843754684322
-0.116300204795639
-0.497115876482996
0.346455769518368
-0.047916020565279
-0.005735443439897
0.001397077773535
0.200301480339184
0.141596792431993
-0.147172675733084
0.000959039548947
0.039659932612501
-0.208601517948883
-0.098028967041729
-0.004942120814019
-0.001724646587434
0.218784571748708
-0.429134191119496
-0.247056742887511
0.238427717768577
-0.001346565175085
0.415032566773720
-0.126328960974590
0.415101695599512
0.129646235655427
0.392099292646109
0.030260607588259
-0.000623655223202
0.198230454947094
-0.001810997941643
-0.242520397839910
0.159750740901227
0.026307876601429
0.364035163282697
-0.273395114466203
-0.370972123756178
-0.168526019513330
0.061873571151594
-0.001062023757535
0.245537127084519
0.001078820270818
0.268266765086019
-0.169006247878496
-0.228127788691414
0.159827486358835
0.000886166909090
-0.027076507768007
0.532428211899987
0.004653550146631
0.427509663384266
0.001329386420533
0.017822913456234
0.055094976741601
-0.341307014375397
-0.034086907631347
0.000211768154918
-0.278768855106096
-0.120414832626964
-0.177256896308907
-0.477012053964572
0.366474014181027
0.000368780600578
-0.128757066999093
0.358489555018542
0.051323112759717
-0.000058177339859
-0.219615827765253
-0.307008245871909
-0.070535449637748
-0.125467296033134
0.000450296564848
0.104211521260562
0.458991547864857
0.396758666456279
-0.084521189806100
-0.004772061327863
0.004165304973390
0.204235970571012
0.000135725606405
0.499764673661528
-0.488093809056517
-0.000254943294846
0.006858179984956
0.235670468759796
0.394184384764109
-0.253309526942694
-0.034306100252430
0.001459416309227
0.275185043442366
-0.199533840201941
0.095769111836139
0.228010831281720
0.181183266351492
-0.002341100072757
-0.081239706833945
0.054119411130531
-0.090375121478314
-0.001856288546934
0.187896211555316
-0.217840009731749
0.001364813301932
0.282013581533300
-0.013880395882136
0.188180804632372
0.001383607694438
0.120197647377632
0.109437168434550
-0.054393747911219
-0.159017920941787
0.281066355215936
0.276688686523748
-0.535324286694604
-0.085689163133892
0.000906084704529
-0.187709610723249
-0.115491173041140
-0.127788803933659
0.000421243653176
-0.385407044190477
0.384956171959308
-0.282000981305144
-0.061214422906459
-0.252058868021230
0.001495051515441
0.001316705204755
0.403828464679755
0.029096145603773
-0.199007072458284
-0.192345488736652
0.001195625656319
-0.392972555906171
-0.231125985248861
0.157142496347625
-0.441839728363437
-0.089141168981085
0.080084787535246
-0.083251804577142
0.001604781334582
0.323579850141544
