0.471420034703492
0.640568920048839
-0.206181955179969
0.043755231823746
0.035200407348772
0.737976142737593
-0.566095845455743
0.055790048838980
-0.104981034359964
-0.252027461143619
-0.165026006032030
-0.223253046741236
0.674301862973408
-0.193537897765663
0.331096819733033
0.472248492027025
0.590427923489601
0.576555177307488
0.006343912149569
-0.069816629950489
0.603268941086767
-0.088511686263733
0.407993958719359
0.211522854939687
0.303859151046074
0.064831545035255
0.431586249349951
0.249655535324405
0.025326399644266
0.647680624393904
0.097863751314871
0.808688905542423
0.101811659480655
0.055872906223965
0.112491012783544
0.123796931700986
0.005093522700582
0.123460007537681
0.546408946025084
-0.429574969376509
0.589113770354139
0.196350633946307
-0.164466197512866
0.280121427152992
-0.549922805114372
-0.149264967910009
0.541354621898630
0.490102135592270
0.155006435613798
-0.024307728839714
-0.341576109717131
0.716084658999435
0.343722313358926
-0.176838227220298
-0.260326905602183
-0.049928895001445
0.761059608585506
-0.219700976236269
0.375550241771189
-0.344903882085428
0.230020505676507
0.612005977279783
-0.135528874898881
0.037933690443488
-0.015790621043532
0.751452921591972
0.363177903052402
-0.010609831754253
0.044892377984392
-0.006077738836098
-0.167343134675038
-0.193826403043377
-0.322677770989627
0.635873382734737
0.356341055619846
0.428971476769943
-0.095092043858198
0.499601793541795
0.524686904683962
-0.385103750333890
0.103678675058300
-0.238089961612899
0.348854217736849
0.724056902613477
0.079872044930532
-0.199632509334686
0.177870286243066
0.134272249103703
0.818984814461076
0.219527129857356
0.651290156033276
-0.105397337597118
-0.077664686451950
0.251928549416394
-0.178045997004766
-0.066317337487644
0.291040006768969
0.372637848956082
0.312144758651315
0.645677344680147
0.036501871635229
-0.212354251332632
-0.273688716944618
-0.140301783131192
0.873921297279976
0.148407120872883
0.274143005862413
-0.031507793714052
0.634018395674637
-0.054530349296164
0.034886560348725
-0.252247857464353
0.810899727085022
0.088562464180860
0.056846961041838
0.306071469327226
0.599302548816632
-0.231871973953815
-0.393290939937706
-0.515885743538760
0.694630713946380
-0.005009553641748
0.009825684178722
-0.523891944782868
0.380099606751482
0.671271636974675
0.098558120394974
0.044850695643000
-0.347693180029045
-0.052242743476703
0.659027708323161
-0.122068869161207
-0.502307648505772
0.238224945138487
0.350671548788504
-0.163234311312956
-0.164176485686251
-0.403435686080126
0.216160204059020
0.621226471864248
-0.147639875868272
0.172311453860638
0.649648334880646
-0.131336078338936
-0.103830771065885
-0.079012473155296
0.016524620555398
0.828161298073492
0.057547027508863
-0.084072568010140
0.284703063975671
0.239832053678604
0.107394599429607
-0.211521747316601
0.705375213159663
-0.088437125466586
-0.090900900319498
-0.597148307093908
0.653962663722595
-0.013961324625505
0.785346740408900
0.053492286393703
0.139150518103936
0.028550202605195
-0.172277127091298
-0.171911788400505
0.044176590364633
0.256482736108015
-0.048560644942616
0.743590506891745
0.067271346820744
0.111155800969339
-0.014711828809202
0.590850734877633
-0.385868351392474
0.479232269088620
-0.484371703726329
0.344716495685316
0.235287774925374
0.234838138635259
-0.022797028053918
0.515677445279940
-0.051830099005422
-0.441052004761987
0.610261820380236
0.350009908434946
-0.218187086848849
0.666117621974407
-0.414273286406623
0.172248730610917
-0.456578727965209
0.008058907249106
-0.293247091119999
0.142549154594272
0.591682123944114
0.431942755083746
0.063888860262116
-0.429319594684483
0.614804682349712
-0.074957420355794
-0.196659298395394
0.672276158785650
-0.001395197582166
-0.157734408246621
0.174867905670173
0.003458286847873
0.591881587757022
-0.481886444073569
0.272560166087434
0.568097735219961
-0.062675610353297
0.666536134680418
0.262894025058268
-0.235361864394885
-0.301536194468572
0.258178454149407
-0.374045331237483
0.235663281999550
-0.028503443527580
0.627094032713038
-0.217362246907905
0.443706150682717
0.504755662312418
0.569399383803459
-0.212567888264638
-0.143291686387951
-0.314246865182536
0.369086382866186
0.614189892675764
-0.103981264879640
0.212548740193059
0.019258141156944
0.718629584332410
0.425513454551550
0.375033220867295
0.494138849943159
0.101022919957778
0.151510325866724
0.322976796001904
0.527689669540070
0.466130039849191
0.295439945942766
0.024724517647606
0.746038218637445
0.133281701704868
-0.217091438326585
-0.039369011040906
0.186376923919296
0.440145417757971
-0.211251186383215
-0.029471376531849
-0.156822840596993
0.156417991608174
-0.085668492710764
-0.002770217137374
0.075062130885115
0.026662880893730
-0.027835713313311
-0.299448812018932
-0.473676914647320
0.196842441541974
0.005490709889855
0.105120024788486
0.048968355020079
0.197029275313801
0.032345815752256
0.054214494950131
0.227362528336199
-0.360646270889837
0.372767995768790
0.173725187272180
-0.286038306871330
-0.142377402742735
-0.440913768861178
0.019900904862436
-0.381980361003608
-0.001515767692040
-0.190614170086930
-0.285170337360581
-0.216185429031595
-0.191603037985339
0.514983668873040
-0.429345419859819
-0.000863098941005
0.007104490840957
-0.023800370214197
0.364890787622635
0.234062494391685
0.128975848137017
-0.036433408718711
0.315926738489698
0.034188583801308
0.051541800307083
-0.285826726060296
-0.484257308426370
0.049882350863633
0.012517390848183
-0.018855135345799
-0.230571066672678
0.311766211145022
0.216356585414650
-0.024130425075450
0.248674869799118
0.024398184812179
0.014257451879535
0.318934736062096
-0.002329494482805
-0.652021292688306
-0.081258369209783
0.137925288218207
0.008097563224891
-0.233845919170781
-0.000158828622878
-0.325927353046383
-0.374536160058921
-0.416502525869156
-0.150679461327454
0.208799389353096
-0.005148636441041
-0.243290777683895
0.035341814293510
-0.362980897721223
0.020981441159639
0.005661687039552
-0.016165556381127
-0.335752692961505
0.242396200315738
0.295711034561925
-0.013184893331967
0.145334267702627
0.273840928432311
-0.262129419856645
0.217357067200941
-0.012742903512645
-0.021084009503654
0.015986114380547
-0.237447969575194
-0.431240794034708
0.331148619330869
-0.333537456167437
-0.476369186310431
0.004174967208046
0.032780655248489
0.172253907451067
0.003763368069729
-0.275719107644089
-0.079735140137705
-0.062008725846346
-0.081691460398373
-0.048450507324948
-0.203416655132200
0.176810496511665
-0.000765225171603
0.046049569945203
-0.649702914395831
-0.451416837379716
-0.160241418341692
0.043572052233613
0.187025913142005
0.013747826705526
-0.011107924300305
-0.038837893080117
0.020679569812694
-0.236382088846807
0.120997231623360
0.005127496134125
-0.291915613275014
0.044366828448139
0.001192644192546
0.105911266289365
-0.010433567997202
0.432400939343383
0.354705684259679
-0.315382784458052
-0.041077911928120
-0.049330191359754
0.218115833354009
0.103252215924606
-0.030725386004463
0.239027160596649
0.364180217076493
-0.165864166919956
0.363675361811350
0.241252727088014
-0.019797113356841
-0.034060525188941
0.113224069864144
0.010599076089472
0.401092786378956
0.568744849069703
0.250054912038771
-0.147668817150176
-0.048973549771022
-0.366921570108958
0.275480648187927
0.191756208865484
0.257571866993236
0.449148091310189
-0.050142322226536
-0.015282007915013
0.040673954730717
0.433496209834126
0.043844357679983
-0.015457617088571
0.087938138519782
-0.000114176545574
0.293290453197203
-0.428531336429742
-0.118687284545002
0.216255872894671
0.050324220004250
0.502735044614265
-0.289171098337904
-0.088063918322098
0.027859715503613
0.492096150670804
-0.072071635286188
-0.408745092448711
-0.025144186559616
-0.264283593044658
-0.001601584479705
-0.021444343695722
-0.274898071063502
0.331802255246964
0.346781809064523
-0.132491982525303
-0.181905210969068
-0.161887888637528
0.293840404311033
0.027034155355944
0.076322733609091
0.382136541462507
0.003273039189554
0.170275470485437
0.063441683274126
0.222311207018741
0.093633377939038
0.023304248075411
-0.525140243997028
-0.023753302690333
0.114884295496340
-0.269820698737355
0.348032330842908
-0.002037556788996
-0.185182821587416
-0.225830920791030
-0.019216711982676
0.582031893768805
0.157743369757857
0.197220762743049
-0.048313715833558
-0.013078731180727
0.110213539845017
-0.043321300594037
-0.062422533171163
0.135368552030562
0.023546114517408
-0.183429396246645
0.478214967174943
-0.234848534612225
0.542543853484854
-0.024584363990434
-0.094285983403741
-0.199683234437647
0.010768317581446
-0.158021974949470
-0.140210788583848
-0.287917859592628
-0.012778935663854
0.063320269745494
0.329097217461682
0.133781215097773
-0.255273409612964
0.004533045472159
0.406279288662400
0.253996189031489
0.117066347264211
0.005741566512864
0.162906195683989
-0.107340919144109
0.073617875900676
-0.521384490493120
0.204305181617961
0.141218471894405
-0.030834186576200
-0.071133995541249
-0.019930664120771
-0.192930079991891
-0.001154671501559
0.278942755983431
