-0.340072557570920
-0.430114310507314
0.836267613974661
-0.439374337688128
0.135050370986686
0.316405456410894
-0.391054251469505
0.596019715159686
0.199173281264341
0.019702500817832
-0.064592520661820
-0.582214592995931
-0.069248783832069
-0.196397418045656
0.738019583976436
0.015071496423002
0.165542934005044
-0.145578269033009
0.635304137011144
0.060278683976573
0.008663763264129
0.418561360908393
0.517257772370921
0.096904240167732
-0.345019137987718
-0.285731259666039
0.560162345219751
-0.416311859342704
-0.535055284097954
0.282857285416325
0.137349440297549
-0.399278141978585
0.721961266242453
0.494900618493741
0.501020628611863
0.182929341022188
0.654241336409824
0.399879857895180
-0.308096815524466
-0.615126020880644
0.314866416717593
0.350624240092429
-0.005967756464378
-0.175008333652813
-0.372900165834457
0.173949157190885
-0.867819610287285
-0.273833575336083
0.312004212821192
-0.786123372096744
0.512297620640921
0.313507894497769
0.287001814933993
0.533074487197230
0.518846677723402
-0.574430690653031
-0.076549834985770
0.330401560840002
-0.034231968953705
0.345674322420704
0.126460428153353
-0.383611772416656
0.151635434939004
-0.214571736742858
0.132088347951184
-0.865398559162587
0.007887717044198
-0.787845381284436
0.076135892290274
-0.649032541328340
0.519358916502872
0.240638116079099
0.667275574582839
-0.243212685397459
-0.296180110640166
-0.261349337764770
-0.371087454534221
0.142653343452294
0.002281427807964
0.001044003086145
0.001586961194451
-0.032898865150612
-0.581234550560952
-0.591340204735735
-0.505771225683040
0.318809407436733
-0.307771188677405
-0.538765856874920
0.220173230679306
0.563667353495595
0.021765401569424
-0.608496210430581
-0.203023109463358
-0.887997139887440
-0.234136234948423
0.328354469465285
0.716634314401617
-0.203994701554132
0.193653025074866
0.202775903751864
-0.628726925331456
0.333833399369760
0.441820371750868
0.362169536190320
0.398955605088327
-0.118023602587087
-0.661727108320855
0.092626660104266
-0.518750407141925
0.162337356869425
-0.070912793545378
0.583059904909642
0.335432346920349
0.134591424835836
0.201868443295105
0.122353382730406
0.511291997377368
0.371139348468666
0.504653744301867
0.084391603248988
0.671095291267556
0.154414748766349
0.596715284501262
-0.170340614005934
0.327999872860019
0.071036232698222
0.130918083562343
-0.040646736321180
-0.058505223130272
-0.036007219626741
-0.499000737099476
-0.533737851309527
-0.388175241065489
0.008024178306702
-0.494189461847552
0.225942765454349
0.807576397164313
0.258732435533274
-0.031520210474641
0.220860723831679
0.874118687619515
-0.313067300236906
0.108964302919239
-0.278769830034921
-0.218045461389809
-0.303378163601193
0.483589321254150
-0.143472984651487
-0.404200135000380
0.259141132930707
-0.323141049189852
-0.010260337465675
0.550765673487055
0.754639297782660
-0.204568697647229
0.402879419335513
