0.744292780170059
-0.469605558636884
-0.474867219619612
0.246518691017214
-0.882549649028639
-0.207663897271288
0.466448361755704
-0.220390554372725
-0.377710256899452
-0.367664970264196
-0.186974933405510
0.353658178380226
0.198810858096830
0.000725024600901
0.482931421356214
-0.542638909361189
-0.108712509075351
0.025664656918875
0.120675091030902
-0.124569014510837
-0.163817594115789
0.095606841837815
0.256348036597910
-0.299345250508765
-0.265173880248428
-0.180230394095939
0.553184486811404
0.537342773465548
0.501019080552582
-0.488135041434415
-0.016174831410836
0.154286870909503
0.221759032883213
-0.016279795598003
-0.552559799876394
0.193782101131502
0.710240433745802
0.059200459383928
-0.068664966507353
-0.673455356649636
-0.074625370911072
0.299283256775099
0.295542480022487
-0.293987383041214
0.273202779686767
-0.165826990066604
-0.431343390564780
-0.423986617169409
0.439767978356043
0.097619998331372
0.673118941580476
-0.432350338093124
-0.257831145654456
-0.046019707516104
-0.505298273164081
0.235784725144193
0.104821179330970
0.002139044759719
0.322151358473106
-0.124339906860529
-0.828697324570447
0.300252981212833
-0.211043602691828
-0.266552220470978
-0.255641534181887
-0.272310959777616
-0.631695562288451
0.025710980786250
-0.177378201383560
-0.340190326066349
-0.110580252212361
-0.438567633257142
0.159239223602279
-0.399919041524271
0.337691973327709
0.267805292472161
0.260046726818100
-0.580616863539932
0.149414503227222
-0.302401381814841
-0.816810848724114
0.000006446151137
0.000013593323328
-0.000013728538600
-0.195811628203547
-0.087531007981157
0.266845435881457
-0.196158503427322
0.710868458636210
-0.217662048233001
-0.830982520736880
-0.054902386026187
0.106030726781562
0.300468270344899
-0.616854871934029
0.506418645782513
0.438643992275290
-0.393359195101019
0.588154674786617
-0.489719908567650
-0.169575186800480
-0.821281039633006
0.006489881581295
0.243710066414509
-0.880965789284315
0.704318363466057
0.075669037326459
-0.298992611119073
0.006573554689618
-0.461807409322567
-0.093045747479086
-0.219225409476290
-0.748929292561472
-0.563739303412325
0.369117692837123
0.312902541511271
0.650157874248473
-0.436056072348827
-0.443370032560044
-0.317201939229996
-0.049037349704619
-0.537426324960624
-0.400108425809369
-0.388078260225646
-0.774699738718052
-0.028668467984505
-0.369081534913962
0.130787527940873
0.673314993419454
-0.345124757613787
-0.269848179974317
0.389943858870191
-0.432576542596954
-0.746423921790041
0.014399158858953
-0.133309844916662
0.538062329475898
-0.608941010063377
-0.196105973716712
0.233770955877708
0.887494845925319
-0.279534802939727
0.311283037105795
-0.059436134136434
0.598955380058539
-0.654768627742151
0.044435996351006
-0.592489001626329
-0.271520247910232
-0.379565769864224
-0.373489904111132
0.673652873335450
0.293935500926139
0.039812441128591
0.783206147608999
-0.292702683489139
0.303453452102511
0.590627081739731
-0.287429531695724
0.382570756793119
-0.251863847181216
0.096192340850233
