0.678409707764234
0.459032822947233
0.573627901271000
0.202580453096651
-0.023914611444669
-0.436881429118324
0.632306521239352
-0.361953739232124
-0.221767512167992
-0.359550073272953
0.226336609456958
0.389443403422639
0.790124264485103
0.136190400893375
-0.231104776220938
0.664983576178768
-0.335853782007825
0.339799596962925
-0.473561445552053
-0.173092600559499
0.636748075644627
-0.804751723299695
-0.236920277833704
-0.134709517551028
0.349045280104872
0.022510760165731
-0.439982846313857
-0.018394277107108
0.757476824683334
0.194541910168296
-0.171493346188865
-0.800760222102475
-0.447310655288531
-0.357082097429523
0.370117840621740
-0.751986538435364
0.454050137970579
-0.716775052163760
0.049023440790045
0.174202803766445
-0.708029379060874
0.411079728800675
-0.384420559714170
0.361796985844883
0.531934173380644
0.096790671202408
-0.220641645513923
0.872800486277389
-0.717182869527177
0.537685800732905
0.177173267758732
-0.350569064809643
0.365181423482416
0.712489569267279
0.141946573208326
0.289707245974381
0.889041557420791
0.137762425403437
0.575360463154248
0.159872684913595
0.464528845667783
0.423493796433671
-0.501025127384215
0.195247588838244
0.645345513735965
-0.555233139798607
-0.397995848247765
0.157145797934996
-0.233180189468767
-0.216900391991599
-0.209514648409847
0.349230001035514
-0.045895067920774
-0.127836208751474
0.544651944166166
0.532978785645795
-0.426117506287036
-0.047757425298881
-0.583976021537281
-0.248377966005045
-0.284030063306736
-0.067824636871547
-0.273937203859479
-0.099371176396311
-0.190296676505341
0.098207368703824
0.023727845807800
-0.000199890970851
0.000352844055617
-0.000047921190034
0.384329595453690
0.785638581882528
-0.050859109215068
0.535194410972062
0.349493978455691
-0.106855163133902
0.290450361594193
0.047120004715610
0.762395968093312
0.401038518143865
-0.217645536983089
-0.309103430878021
0.215323295607226
0.396077284977930
0.355378639088966
0.096632222794075
-0.449120833628406
0.359559574201364
0.183313206979665
0.377496842477125
-0.319357470157145
0.476943866506344
-0.393923756718343
0.549021288437630
0.340089358401358
0.167309005609459
0.494359060571928
0.211280025899611
-0.288050020692342
-0.040917145693312
-0.058003033488779
-0.300777063092282
0.276025745510292
-0.455032572541431
-0.255955773471198
0.071419178171769
0.153118859414870
-0.525190542735115
-0.009526112996939
0.117180832225388
0.566075002391951
0.322796458652154
-0.188336372291293
-0.371987256499435
-0.079517502860869
0.215828155239234
-0.154263186721710
0.307852921323095
0.048853539457964
-0.473182418612599
-0.099066658495862
-0.092087310023390
0.257388371782148
-0.175491152389967
0.511830306018629
0.599239765417011
-0.058000151622662
-0.144695745263259
-0.190808248155835
-0.544513665019341
0.324249486164067
0.248236926904394
-0.265262900282902
-0.303851548666989
-0.790874329566073
0.211479392410494
0.834772175803404
0.001740935165141
0.300414084359447
-0.131773839944071
0.816728232869425
-0.022281268567873
-0.387291884640257
0.395112091885959
0.475361067140938
0.232447792921304
-0.207139560713920
-0.647818293477358
-0.730320493031967
0.246837977449003
-0.562304709764142
0.466847796750699
0.022186063066930
-0.857403283321928
