0.735291604786106
-0.463201517214143
-0.494763186138906
0.615238455683711
-0.538225251218772
0.079922889028939
0.093287403671702
-0.395503129453532
-0.263437063458766
0.503401033122984
0.291482723146061
0.025092599475604
-0.080449711974248
0.580675033341303
0.726423543555538
0.215083196012863
-0.206133339489252
0.693241744732116
0.291407501317316
-0.717785557567068
-0.199830894200938
0.044247593190070
-0.587974420023077
0.773756474132451
0.586235164836319
-0.564196565716627
0.108767283550533
0.377342533017589
0.368095680466161
0.316690922467916
0.012011623538653
-0.823012866333024
0.189280765425628
0.458754444926508
0.463842024658288
-0.553894857677511
-0.467786209708062
0.078887163086523
-0.151769173003437
0.080308461430652
-0.314164659911817
0.209905382686187
-0.465612438677987
0.195423593789081
0.601974077860347
0.144372864278586
-0.412938101038960
0.354070026722285
0.090947928561662
0.037002627077628
0.975706676890240
0.355126877620564
0.323150097183503
-0.296217472097048
-0.083792959519360
-0.751399501455342
0.402677751470682
-0.514631138141701
-0.478251027209952
-0.203425549993204
-0.359741708482655
-0.745946548699707
-0.453019947395931
-0.130241496400709
-0.320023368562056
-0.109149663597648
0.331177446436543
0.714984374403839
-0.321800707011003
-0.148964460915864
0.705953300246300
0.333237567715199
0.284316011205023
0.316068501963229
-0.362628300753064
0.322760397042923
-0.056196426683715
-0.756813871627404
0.552657780860959
0.053515941939590
-0.616312511550450
0.563412904444823
-0.534376307164392
0.367108823743422
-0.412746350034993
0.431679401745626
0.375110299094888
0.530098076774019
0.414513824412850
0.638176670529252
0.000002477353598
0.000004134412445
-0.000000188953508
0.256335882412467
0.182842044676618
-0.475676629123163
-0.288612285138976
0.820706891105598
0.092837472302515
0.513486644870703
-0.120465938301028
0.618720459220728
-0.109696741506986
0.323958251767460
0.108031758664169
0.100405224566853
-0.640218273518153
0.103457728748452
0.590824502608471
0.035089886000809
0.098123810896686
0.196419577595587
0.117260146627859
0.036035512810480
-0.537816364868737
0.100099682221762
-0.164054430206614
0.762287989541958
0.174593660158779
0.101287300570629
0.149212524372790
0.322570070938189
0.400452876747546
0.085185835041049
-0.071319563435685
0.505225014660977
0.486082383061778
-0.146158141585346
0.703051001107516
-0.879093215456772
-0.087460842747596
0.265210420851543
-0.482286913595919
-0.054465192459833
-0.383503274180962
0.749178838364198
0.342051115422254
0.070746869421043
-0.083616631858030
-0.081415019926654
-0.157275598738531
-0.243548516137082
-0.290868153822582
-0.733344368005553
-0.371990820028977
0.345619501395884
-0.091641408147174
0.604942548452971
0.231814205108106
-0.212968259651266
-0.118821050495817
0.100214305620493
-0.291137815871516
-0.561938220131118
-0.585461204357837
0.458442103295237
-0.142431898917701
0.503571247701791
0.041137585686325
0.544551482319113
0.153647067380156
-0.219655440424761
-0.223103180278915
0.494627509682984
0.627163791163340
0.076951805054365
-0.481127021524193
0.287220577778036
0.091612426171969
0.104369871641794
-0.540905169676623
0.128468317741643
0.032812841089445
0.494629337759486
0.248814222847102
0.172706763522573
0.640975400851565
-0.311152183592808
0.161661627024977
-0.130210186069994
