-0.099041396387204
0.520728017980250
-0.847958208147569
-0.491998215027331
-0.380310947280257
-0.560451004200735
0.138045977132028
-0.018355180035433
-0.263806577138460
-0.397625659481983
-0.550159640405909
0.133253684657972
-0.004023484897002
-0.766745029972560
-0.235220144374192
0.472488088707784
0.268583827267500
-0.181607098861423
-0.306074842667263
-0.087757497849726
0.057111731818461
-0.524604242521920
-0.327287798285441
0.253771525943181
-0.614411501117806
0.553970154969618
0.049529004489294
0.650572737241985
-0.208708065943277
0.456743523847218
-0.379362886661023
0.517835604933913
0.611501580735674
0.178248237842713
0.815542242718479
-0.018591373116405
0.120188087676252
0.014052755781547
-0.807356795770343
0.013867466701190
0.007898913841269
0.170809119212693
0.331904817989953
-0.564135754135327
0.202685619533280
0.285159681589032
-0.399147888362330
0.099627098019660
-0.168610437459737
0.021333323339972
-0.297354625501744
-0.051084713297733
-0.662088260821706
0.037469374046549
0.150412241476460
0.022019851802636
0.806222837168712
0.441321694312943
0.302607379379973
0.058497953490917
-0.387042537761777
0.260708169719701
0.598412992691171
0.077206907245274
-0.826073386407610
0.309857161892396
0.498690021508060
0.028700243529187
-0.825459921390173
-0.006913467814527
-0.415028405597960
-0.412859488534736
-0.225655559554332
-0.628728157511929
-0.490213161667560
0.133876622280202
-0.083389487062708
0.405759335988931
0.041640401752859
-0.224200935125620
0.495651409515193
0.657201951744539
-0.527699178293577
0.353366515136790
0.462972008905848
-0.344046691392481
-0.588014982314977
0.395173576097103
-0.420302521243596
0.542082662239267
-0.567886410957218
0.315895135262999
-0.136402269803096
-0.295915621245586
0.426100320779740
-0.545960161082993
-0.000031954470138
-0.000077084246575
-0.000058001100027
-0.302851806446134
-0.451458097458992
0.060517611074140
0.793420663838901
0.461163148595211
0.262344593985105
0.347904645869752
0.269603408008713
-0.572484078632203
-0.015201799168623
0.502483655285402
-0.322546796194451
-0.780783415938658
0.075698707903348
0.237241561324461
0.446337200793284
0.833753899658967
-0.031505560422594
-0.170197445249501
0.465082002989162
0.554981674083093
0.156477738630030
-0.537233240776767
-0.007590436688656
0.039568323061360
0.490094219550993
-0.287790573098092
0.381282654804359
-0.256518104974991
0.053083916680058
-0.537654630613714
-0.116810654576363
0.007452922272519
0.563486644095691
0.054199067262915
0.114357382764391
-0.020524500206647
0.846116200920789
0.504217874288330
0.384169736864725
0.179804679269768
-0.592108497596190
-0.470354049126260
-0.409668588066700
0.600314981467300
0.605444696178324
0.040144396097559
0.717301041208728
-0.527456473349892
0.522727020056763
0.078559940057302
0.567424714253034
0.000680236552347
-0.070176573736149
0.827285001865654
-0.156622981719216
0.036203491495154
-0.458549909793622
0.450404849605114
0.104874525329934
0.036248026872020
0.190762640170248
0.421812859725537
-0.187085718338176
0.020555311106605
0.183512642145942
-0.050987304072662
0.094855667794494
-0.803525585371799
-0.491037132798242
0.026048126336662
-0.267722912447555
0.524664993435296
0.574068851011767
-0.453491128550112
0.026662532615908
0.292033048709771
0.785070382635877
-0.081410524589637
-0.150213471946779
-0.368184080540247
0.222426658818169
0.495433187490703
0.163093567820673
-0.524024985611591
0.314159443522732
0.005628604689680
-0.240136091089518
-0.450863826443456
-0.546045947078519
0.488458727617136
0.433189916101357
0.080960065756036
