0.603271658664947
0.559580334731863
0.568272069669394
0.397994384430934
-0.201575485119574
-0.372380745435957
0.293537541091374
0.326503103935587
-0.565943821688989
-0.306473260003801
0.172095238617192
0.251290728715755
0.333730478355462
0.036729758246406
-0.304078220220270
0.105365561046344
-0.234482537776657
0.515949332183796
-0.094883696611491
0.204956286768931
-0.170918229106854
0.281218014033712
0.576577340873848
-0.244225240239795
0.291028744227868
-0.100144688048644
-0.650756848725577
-0.368732954701863
0.343576590429393
0.032662176134502
0.418757199695268
-0.375001859173214
-0.101186966679981
0.144450236860521
-0.655221853735570
-0.130055577675134
-0.233439750100025
0.668891220751182
-0.536074472553025
0.073072437423890
0.373521246870808
0.683189131052783
-0.343715940940013
-0.080572214306820
0.018249248985623
0.201316116942820
0.141254245292831
0.762229749904654
-0.662122323255749
-0.581780432979099
-0.045804943056158
0.766937602388724
-0.330684386165950
0.058542702921260
0.017368896110444
0.189105377215460
-0.250907712682624
-0.323356260685492
0.612068596084178
-0.434180811115016
0.167782737035817
-0.198115712625619
0.078787412946482
0.535661168533049
-0.109907084378612
0.376640252792699
-0.390868011752635
-0.141312202832890
-0.690000746218869
-0.334859466745037
0.386961372329769
-0.138975858428528
0.244057909417919
-0.279908710777668
0.151564558909227
-0.014736109657524
0.133859713957373
-0.304718391965250
-0.085669052185937
0.424799871852276
-0.278518001122080
0.259191965782804
0.123904731540557
0.758528673543318
-0.030133526513691
-0.273006920913953
0.802202885516622
-0.222493346426011
-0.492718760804806
-0.271580805312729
-0.340596690548307
-0.276249219258831
-0.607262853758202
0.038760125985254
-0.059013171997543
0.051370303782747
0.427403531837254
0.064591189299155
-0.196521040762794
0.197270105059753
-0.007096025072336
-0.121846356222527
0.529061048695277
-0.422549962878126
-0.034415066046072
-0.000072818812821
0.000009182558668
0.000065420061224
0.646193708823599
0.490123539015189
-0.067178727055816
-0.647590577449331
-0.030668006160382
0.258118079915970
0.676633259988627
0.595556828890114
0.028103993469856
-0.530835962338772
0.545886824279100
-0.463715521445872
0.084115212056818
0.197206577295563
-0.788509049798611
-0.720667193575841
0.475103127559609
0.417962651294116
0.181956427491418
0.016958352454778
-0.703870231917910
0.411718872077045
-0.084674730992291
-0.552364549579837
0.778101080375425
0.011643688789213
-0.373292713705855
-0.145837179981730
-0.751651901303754
0.295851562942538
0.252230803291038
0.245399231021744
-0.639580204086200
0.272621881531326
0.244211137121915
0.277042971338688
-0.120877932828694
0.024221089576435
-0.610898332303457
0.502971930813553
0.525870315690691
-0.587804459855433
-0.381741905173788
-0.333541771579214
0.318665768560402
0.193119574243110
-0.309346277908360
0.296710590355462
-0.237554067173954
-0.331743871396392
-0.364062318405798
0.416801157429314
0.851027499034913
0.054879764252794
-0.286492874034693
-0.221537175540738
-0.448489574687439
0.958862685779520
-0.049133819194699
0.067526874323060
-0.665400593400816
-0.341131978794731
0.000829849917469
-0.520341320833749
-0.141682153848334
0.245607626205598
0.394645724364003
-0.544697911235802
-0.516114989480553
0.175631432537166
-0.858022532234614
-0.268451055216092
-0.131543571776746
-0.887641092997738
-0.289483513167023
-0.172308106857866
-0.724062099085874
0.425061875967760
0.129536959207059
-0.472116390499634
-0.320043253028569
-0.443549030780626
0.290112120663598
-0.011355039382299
0.181239287015020
-0.512299044044781
-0.581954302369105
0.634077003098065
-0.191845904844721
0.007320698625045
-0.626324015092794
0.119506013176577
-0.765384041502268
0.177748299597538
-0.583081504576658
-0.634787508372900
0.709579605565828
-0.587840407858576
0.311653743450784
0.063547864835313
0.732278237647077
0.009580730533537
