0.503138580151705
0.694945041147170
-0.513646641392250
-0.287099495614940
0.614978742127456
-0.320585554740008
-0.240211236205579
0.371131959282940
0.248797041305892
0.027875949154335
-0.777149073948045
0.470840670771198
0.295577520746616
0.426145126816829
-0.035127329016398
0.392288460352488
0.712976674998047
0.127269185192042
-0.713441867434282
-0.563411095784808
-0.051582501735769
-0.656126473711795
0.357684220591246
0.100032201646707
0.579973399650004
0.368446046302699
0.161324852567323
0.753972697703067
-0.126584275035072
0.272795799752654
-0.164888141261009
0.285792716321217
0.788202367310334
-0.270945681617416
0.117356253983608
-0.349750953588077
0.023427942845141
-0.134124748607433
-0.463033462331922
0.225139142828092
0.235790627302186
0.410606898800962
-0.020856710464869
0.598196887809106
0.357128685934126
0.223301454982468
-0.606213698375165
0.315619208826496
0.173692796493522
0.518697599644886
0.095612228922082
0.223290945351453
0.022781568113720
0.576693305238958
0.579095181843654
-0.079654450103376
0.157039362017039
-0.455798908350772
0.255506755311864
-0.104802637593324
0.446766107356981
-0.593320836483163
0.149852342205492
0.005700063339601
-0.345349516792951
-0.836963734426626
0.284388615253937
-0.800653449054269
-0.235180941458595
0.298831318601914
-0.506554184622679
0.181123874163197
-0.241596543493826
0.365914447675057
0.354304287047009
-0.562199315415051
0.329681516260485
-0.427769201832706
-0.582868430103375
-0.451200338263689
0.058113997258351
-0.534114711839570
0.050626704384150
0.084260881649624
0.516995876260856
-0.591897520884101
0.440973008541667
-0.289229415475001
-0.136914704635176
-0.075360428358767
0.157537080654107
-0.178294168779213
-0.294093361915010
-0.032709544133273
0.343320821552409
-0.841770259345132
-0.221720041113769
-0.874552913502489
0.093930139102744
-0.211858362075474
-0.552936384372584
0.149822298604150
0.318422109046478
0.377957264903247
-0.470393175338653
-0.393896343305255
-0.064924893826435
0.666744824297178
-0.861617942993032
-0.143233694900167
0.325030373544213
-0.431107801713910
0.110384967246264
-0.570642322773645
-0.000328079722192
-0.004823803983044
-0.006834472413756
-0.126867336446834
-0.588099939581338
0.273208836695179
0.603762521649880
-0.365425147674009
-0.494565407135632
-0.300076116250677
-0.119838538342619
-0.262991179038356
0.760984403245766
0.048064955586595
-0.385217897996538
-0.513933389453137
0.224731937953745
-0.083334305974924
-0.342152240690243
-0.209346949676685
-0.100067893476580
0.585755638201716
0.071546022111472
0.288660884955333
0.000613769548968
-0.522330254177587
-0.478563880233533
-0.345406875173037
-0.383354136182333
0.273528318323003
0.215098731642864
0.420861819824120
-0.215590622698616
-0.238419256812011
0.731738758587132
0.445202049513040
-0.496700636460711
0.450548871959801
-0.563343490049567
0.095533660847873
0.671551340264136
0.514790479840659
-0.563377326919414
0.142082704340885
0.420241686850990
0.277522246887232
0.197728591016257
0.605731569180724
0.505908947146827
0.147143497250896
0.643464717496623
0.547342836727673
-0.157516071397212
-0.540972727506104
-0.701285257396632
0.312761290137930
0.209814062614671
0.180956307746379
-0.265387784614350
-0.782818113455492
0.542687039135632
-0.205093246882883
-0.298901728808611
0.073221884016288
0.105980674482497
-0.404474449280517
0.308801700130502
-0.339554502698201
0.110051553828143
-0.346832195473307
-0.297455973704698
0.642280480135092
-0.196771455355841
-0.516732678145279
0.613575205682690
-0.600149451311279
-0.105802230195877
-0.144506268801028
0.086160874512933
0.005672284187106
-0.667719656860185
-0.174260178507375
0.821299138284878
0.012634510772296
-0.356921819427567
0.245059908499375
-0.021629852080599
0.396558908140987
0.137862246308413
0.845964862233096
0.738104440278681
0.219566384612402
0.513706910664994
-0.224263732761653
-0.223381006981936
0.268868803658491
0.021642815648061
0.275321368861045
0.317654350198862
-0.152735728011455
-0.707856403779460
-0.320221450115169
-0.588453943634839
-0.333377021982071
-0.277610598513530
-0.402352596679191
-0.061603126647741
0.479999178018082
-0.052291439372400
-0.330070757824180
0.140615736776311
-0.004190755328295
0.212244889216680
-0.656706255747665
