0.310397293699661
-0.241509596406165
-0.919416454266499
0.611826778461702
-0.263148554244011
-0.266430249206111
0.072970821549110
-0.068678398962161
0.352169657876428
-0.441943605844158
-0.632566025035848
-0.419262203453778
-0.392529073711359
0.498130438392466
0.133070441163149
-0.477136849836369
0.685498047409158
0.504277777255669
-0.327850851866221
-0.622284822543587
-0.160085160237208
-0.152096869461564
-0.546347938739648
0.071230071301712
0.418821738832529
0.679488562810117
-0.377982443440257
-0.238418374303433
0.560768188568274
0.612965868943257
-0.626017560035281
-0.214799241312001
0.118568018202244
0.271917804649741
-0.301003988691199
-0.172294071613357
-0.587798628030774
-0.280318486965826
0.237114233288720
0.132461717770343
-0.521199945514352
-0.592161816598788
0.015153195999218
0.900772291365482
-0.009765778590711
0.432230064354854
-0.159508875020546
-0.116416309183964
-0.233369101931943
-0.293045821282290
0.069411313975266
0.328486440682841
0.076180005716820
-0.044311289752770
0.932330856155369
0.192559760123494
0.246001001327180
0.205274103319296
0.135536604339473
0.350607766639246
-0.019961589506994
-0.101941324282531
-0.596940332823764
-0.530538657963428
0.240188641129622
0.505350781809342
-0.529624914443006
0.470695985021685
0.542883482274133
-0.023263634819305
0.706926163697582
-0.509481081164703
0.335995341325983
-0.714641305888187
0.279056620536544
-0.012574221327676
-0.628453180019153
-0.356754578467222
0.185283694088380
-0.295417864318765
-0.673814165084323
-0.032678704793740
-0.089668824369683
-0.422030548778987
-0.092651250793218
-0.403711629258842
0.891150598323744
0.754061908229707
0.188101047263651
0.108271684108732
-0.127154284413158
0.004100928610830
0.437172505075089
-0.656418935447879
-0.089417580721433
0.112552530856433
-0.580394811306789
0.714011450289023
-0.090242201239655
0.172374026318500
0.685641803847788
0.698091366059883
0.556028891323649
-0.483809560870399
0.089628275500904
-0.154441483667578
0.179339814437706
-0.844643260959646
0.098559445014829
0.498247403082750
0.141332931588533
0.205344732721126
0.353902813427875
-0.371077235863740
-0.604477601028046
-0.303872435535624
-0.490589246672962
-0.193111083008193
-0.213580013895306
0.031967571163156
-0.000048364484335
0.000115431805057
-0.000053554193662
0.637748727862759
-0.266738960776417
0.086963445066196
-0.594250870421458
-0.657089551604862
0.284665229637733
0.349716989986920
-0.044700026080763
-0.323210786580153
0.493465992483268
0.580121773632780
-0.005412240436163
0.141469782761739
0.167559077343259
0.006858065161749
-0.481927761428697
-0.062102373579434
-0.493494769976788
0.046406289158713
-0.043127672456914
-0.818097310392993
0.178176709477872
0.047809785295431
-0.431254218729643
-0.407544658432426
0.140508517781596
-0.259100885388337
-0.410089812245989
0.429293413828707
-0.442084195888293
0.466076716561177
-0.389389152835150
0.660999728537934
-0.672133873353917
-0.012568671812385
0.260325265583971
-0.418281318142998
0.189151975324091
-0.386537400786962
0.032014286927332
-0.228008991292748
-0.367792434193397
0.339873686613754
0.791168260928481
-0.180886686244292
0.563352848386089
0.702430949024696
0.209927150345636
-0.754507445074802
0.353692625210714
-0.435832326491734
-0.037307498946869
0.042867557453247
0.173014287930581
0.420425735388347
-0.435077744829763
0.671204977886666
0.410837545713390
0.135188897184304
0.667688710033666
-0.038722199703877
0.508005748133810
-0.381954823920918
-0.170067229826573
-0.413197305497296
0.059710873620343
-0.363546050802428
0.063840328872978
-0.322338194549463
0.241035292815759
0.016073626824237
-0.490067304763665
-0.009177749906793
0.687957565911391
-0.065152257339357
-0.583478265795049
-0.270896724608637
0.102668335036341
-0.689087003106860
-0.238575483132685
-0.530115705373536
-0.181066557055710
0.027888336176482
0.026840638147309
0.264826451694730
0.346294294851621
-0.440718831945661
0.815380611044591
-0.298211414033670
-0.197280467403303
0.185817874777680
-0.027416109653832
-0.716359322955852
0.333216828511583
0.014424521637183
0.184239885345070
0.074730534493538
0.072870048105672
-0.044229625853434
-0.122795237563182
0.656655479938038
0.049516293819978
-0.400868888546928
-0.003171768712797
0.264304549476252
-0.058101461183007
0.057694911359854
-0.845787255153348
-0.558764435152282
-0.112473135054396
0.608292794890123
0.166405405207196
-0.515061927719570
0.092795557854409
-0.095904949979430
0.852871913406796
-0.423652571772067
