0.071868110535219
0.737654173255118
0.029613392083770
-0.132072677602822
-0.160244650685438
-0.032901650879117
0.645430637696796
-0.138579816981070
0.348145485935930
0.439154106810600
0.811096184345831
0.110987954878184
-0.316960670902576
-0.144190863885076
0.352692202275732
0.667215689035083
0.325099529507245
-0.148899532632141
0.251829602870537
-0.120369258299975
-0.353592503998558
0.141551744321321
0.253782679185070
0.078831764256637
0.608096272426757
-0.026713746980462
0.841655434952853
0.232714741324180
0.001487663784940
-0.034503440193749
0.602863243750549
0.138213697072537
0.465484731828667
-0.102418349883389
0.302880708232498
0.699764736933760
-0.425581714569454
0.104201020058582
0.327836662026393
0.153921381680415
0.229933508239332
0.151466426763247
-0.000120128925967
0.700422356387436
-0.040239791473593
-0.389883935254804
0.443664644562428
-0.293761297638578
-0.111341866893395
0.546097050107356
0.220947291410905
-0.110121867119824
0.534513232513425
0.670770776223773
-0.032312982484199
-0.179548767170553
-0.553687080049357
0.695410595084771
0.044986555070463
-0.083281057005543
-0.059081036645998
0.067241194065753
-0.353149661997100
0.274105972890957
0.642000739585701
0.306607484334671
-0.005323323765916
0.068344463580537
0.571598521039015
0.701106598107406
0.733910730470227
-0.094103117740956
0.212843620105284
-0.254738203375679
-0.170172363375814
0.041160946949347
-0.188962921044202
-0.085128311316145
-0.401492000849380
0.587524152195427
-0.573712733839575
0.554193288290932
0.407171524873419
-0.019560316758565
0.292949158562298
-0.291868404018834
0.151060860792582
0.699952502461347
-0.408932091429826
-0.283695362325188
0.570246754618357
0.528611851740051
0.170281607047985
0.088512658142048
-0.278520861050054
0.479248612680385
0.446561371486394
-0.287942971868484
-0.185797810367573
-0.453703342734627
-0.206990301796988
0.693391180701128
-0.148128804973388
-0.274749072705928
0.145331077631244
0.379736434751159
0.505871964708049
0.271927208911328
0.073908194248137
0.567505160819232
0.174132610657612
0.487249180046319
0.631820264246969
-0.154755127525178
-0.046799060588193
-0.369486001303462
-0.323960686106272
-0.398873418375189
0.660731518063545
0.079878407903150
0.357704310949898
0.273636533936990
0.007798388380471
0.664991023239669
-0.173877996072549
-0.073568876209936
-0.207141104230188
0.205378987262037
-0.173623942221300
0.813289496495727
-0.126174609411118
-0.507679461461609
-0.020177386437546
0.565442044387098
-0.462193406324252
-0.111234364181866
0.005289607001685
0.367939634173746
0.649679579960902
-0.361908947673989
-0.164268269645293
0.336867146565886
0.683552439029476
0.105234755656879
0.093181198890172
-0.394912202795592
0.005435069582328
0.270527336645853
0.717475728095371
0.250595861010145
0.243754226353893
0.144147618940435
0.613060440362873
0.029687115636487
-0.241361544890240
0.500566654183323
0.204921199592780
-0.324305867256390
0.501338396930580
0.019352404728975
0.053074152024775
-0.192410807151689
0.611896343947919
-0.037890196894181
-0.012939065300358
0.169748977052784
-0.238671396278935
-0.040974090517973
-0.035700063014354
0.754707090936426
-0.226997221115701
0.253137596647357
0.094151489589229
0.141449702791991
-0.196458481887699
-0.020841515614454
-0.126365500410365
0.004061474421761
0.511176663715791
0.359140803258369
-0.219327622237672
-0.008430278816731
0.241565801266352
0.264825662056161
-0.269088192993952
-0.093586035750629
0.196600624215780
-0.065634351276128
-0.040185297094630
-0.175570254425335
-0.074414206528728
0.167976626833949
0.050001946219916
0.100323873734862
0.550215272973370
-0.176819190746205
0.387876235749116
-0.467888755785301
0.108881824200361
0.045234202099481
0.208613461955114
0.023069414545760
-0.088298160257201
-0.362322984485899
-0.228970235162370
-0.091084288893348
0.129260602723882
-0.239355374864303
0.446994076980092
0.128262443711250
-0.355618084198723
-0.186849654910522
0.120686486308694
0.102209756902246
0.028176553142260
0.141474470338884
-0.216894915172764
0.576493691720935
-0.002492331372896
0.180466485755743
0.095166902409549
0.021377322088875
0.275183989266623
-0.407679751089339
-0.052865528797884
0.000927293759868
-0.218993737505149
-0.167770383288372
0.151755251560027
-0.321306450558412
-0.248630031271068
-0.077819538466458
0.203170771515862
0.060212610243190
-0.236348774900768
0.486625024581703
-0.221822612056245
0.146553360081559
0.241020920695850
-0.119984073213182
-0.049412068935629
0.240366439012062
-0.069966350172941
-0.131937678918012
-0.022288945097841
-0.118891597770923
-0.172742321009684
-0.362067665671955
-0.274672371997005
0.250707045861603
-0.327433914224849
0.468992364446947
0.150835529198633
-0.310762171022264
0.049801761704764
-0.043615174449587
-0.003050989918759
0.212516277725732
0.161337005847628
0.196541706377494
0.275817828537350
-0.006991785101725
0.005152749597598
-0.252933909840250
-0.119268429145144
-0.042896437768985
-0.236863904388290
0.350646998491338
0.178606899741323
-0.261123738666906
-0.171139653619978
0.080873975390792
0.047281909261017
-0.457776071949402
-0.001054616629705
-0.525907535625616
0.009271622727447
-0.277605850928311
-0.062567796067994
-0.012997344212261
0.258301563264592
-0.243112395511699
0.225848053689630
-0.087280739332026
0.118221210089396
-0.177947088848993
-0.075627291341215
0.001938743797861
-0.206699432265799
0.476252931662804
0.262764209505763
0.037240434048262
0.032907427091765
0.008299112719073
0.291374693556783
-0.363338017987380
0.354461502816183
0.118287725049650
0.054981240046922
-0.223586325399620
0.310614059800206
-0.052751561533707
-0.146594278738306
-0.281928106817466
-0.132956440978585
-0.254848781737513
-0.088766543163330
0.324553239098056
-0.118496070148464
-0.019581384740242
0.243552487182420
0.346846627505870
0.055207999111816
0.247858334348269
0.234639393038505
-0.454117183026510
-0.009371538839679
-0.157534475094614
-0.060331635018903
-0.371171356568412
-0.383161318430715
0.032646047558342
0.139437818522244
0.133662005366340
0.089851371676404
0.227631149278709
0.462797429352023
0.005907739792044
0.194643846662321
-0.425331621436896
-0.110340067064005
-0.444235440650144
-0.129373346813836
-0.302293948007464
-0.181417133527855
0.279674757817833
-0.599362091419187
0.136195639984617
0.056270007143140
0.353514555095227
-0.302059995838409
-0.084146369964554
0.146208719324152
0.393575385622453
-0.259008994528545
-0.420034453009292
0.572851514398313
-0.248032776223146
0.495880929356814
-0.070137071566492
