0.093340133526977349
0.68605414240474289
0.11411697012519916
-0.066617314972662942
-0.13927605164766045
0.20531660078990651
0.6572012331400972
-0.17146078764624704
0.3681760859007607
0.31241736990418792
0.80466450059231807
0.024632074658119868
-0.24107485253588681
-0.23904524351730985
0.35405265992251855
0.65596147994972161
0.16689821965285017
-0.031626274882910993
0.10266823483253155
0.00061781493599988623
-0.2007403845105281
-0.1059062228863493
0.25912720715143751
0.17277110066162959
0.54636188603236336
0.20603064499196881
0.77490446884952442
0.34500996307707369
-0.16684380975356649
-0.27225464784234292
0.46131753757538924
-0.068880893498145552
0.48760882372684367
-0.13280089746010376
0.13955055322796226
0.7123888123408321
-0.48366961391687386
0.056396974938728217
0.25589661010585893
0.12093351352684842
0.27203095119791103
-0.065620915011902963
0.16672243511381651
0.562963714496839
0.027973380861730083
-0.17537225593207645
0.62892455455616245
-0.24088281126976189
0.010989493708902068
0.46397866775841369
0.36438253589438812
-0.14625760711025118
0.27557866495965449
0.76266006281698748
-0.16059917128128134
0.30909673541337803
0.42396209087021276
-0.16606774062156511
0.089917391382101021
-0.41346320679643018
-0.041481014695058637
0.22114767268704096
-0.48342736354666896
0.10907490280221057
0.58766568355697699
0.42285082690656282
-0.003539418738271566
0.0067673421633833812
0.61423240199256499
0.5415320240591873
0.66628979399035702
-0.25676810371635105
0.3943030537313743
-0.32496365156089884
-0.25921091280103375
0.075680451944193671
-0.10049710067713185
-0.20241023302635868
-0.23438941322114722
0.72768119072378197
-0.42381127952942165
0.43734203522950526
0.33405446213354238
0.0727742419487546
0.30693031974580479
-0.26621417349358529
0.084510361966724154
0.68001816232396175
-0.41634590882711388
-0.33606705714274217
0.58061284464682248
0.32743692894970743
0.23947962515932757
0.0333947400174599
-0.37711491894404818
0.20320349258373214
0.49381269178878924
-0.5390387437659704
-0.35896195249313946
-0.05808095727712183
-0.16675051795154266
0.81099306034148877
-0.17798073836389458
-0.19510151420732774
0.054174814551151938
0.40624531302220402
0.40092943535097959
0.35597291324695363
0.022825508199652744
0.42281590525134972
0.24490188162864689
-0.052944449179081223
-0.66895308353380405
-0.20757252739904773
0.32066442458592428
-0.42841452362366046
-0.33319412254081122
-0.093000067499366514
0.42149838337056162
-0.37655772025790985
0.43584026629567266
0.15128028018338176
-0.13749021005932138
0.54997587803268741
-0.3292995838455983
-0.55156738603599349
-0.030623479623677709
0.23382444118087809
0.13730171481481611
0.32802428022205103
-0.039657594912754576
-0.46001246872182819
-0.19053998617710817
0.53588856761311307
-0.42345777129219084
-0.19416963330421669
0.15846422547749037
0.11480973359192346
0.30315368107352965
-0.29331853178171608
0.033436475265964729
0.33387285834670115
0.66700944369171875
0.31620356318622621
-0.053475618840761322
-0.28600874010518977
0.10150874623873247
0.16733528806870339
0.8789300760573175
0.15078895076171266
-0.1324676079808481
0.062800400991501757
0.049944286387542898
0.088430760405736204
-0.11695829484975289
0.74823862927511533
0.35250639307183619
-0.26806506592372783
0.35139112345742642
-0.085330480766897855
-0.070478388562939987
-0.06171040749252731
0.69028716695484402
0.090348808567889512
0.079792202399990752
0.22850288011239336
-0.11087408023432936
-0.034241036555557546
-0.091376296112023175
0.76726064397596103
-0.15694968957247386
-0.029076419640439886
0.64219674105740325
-0.22831661106111449
0.41400613363050917
0.1667889977966338
0.042523477210001725
-0.047710531666773418
0.52703704871784558
0.41723830555450738
-0.039863461333053355
0.12466253328839083
0.3155503894485194
0.29891157715667579
-0.23942549082575406
-0.10792348054696957
0.20367763713964812
0.0039938366402768859
0.10876170091300459
-0.21521660617185348
-0.098772692116956145
0.31324642348583612
0.20778592141105289
0.19166122964654047
0.5852604284214204
-0.096576273644039405
0.53872745215134133
-0.47467056057173781
0.11832391818405883
0.11879462000181771
0.15765996335626003
-0.077821390848294046
0.039047522211835708
-0.27536292120723936
-0.16679578066670402
0.29826315214053084
0.3004290404061466
-0.16781057721121551
0.53999518913924217
0.092709446260401536
-0.071809765812697483
-0.23162739642480784
0.066052955095000955
0.30582826376231733
0.13629183046682451
0.13782616407108258
-0.29729100456659124
0.62552643020304598
-0.097042932457502203
0.26097393420586339
0.024789619284706136
-0.0068861043653970102
0.26770660490650437
-0.47026997107912328
0.08242790174822037
0.11451473875941709
-0.16656677568003364
-0.2002132991670372
-0.070363799318027704
-0.27668297474360403
-0.26896785457831976
-0.012991772946273567
-0.41160041055813991
-0.12801843915591544
0.50968989282008609
0.50054062013015441
-0.27640358426798116
0.025270194541317208
0.17268611428943541
-0.031996809379738573
0.17807671315162776
0.31520896879341197
0.011583631206897359
-0.12309743421343172
0.065156031522169336
0.0056991720016851663
-0.064594601963581159
-0.2864550867542348
-0.15026450268340324
0.23026202541228199
-0.29731148666658999
0.44024676028152841
0.11025601402164052
-0.23451207278077826
0.096855336464939541
-0.17792732984712619
0.46738469791750131
0.27208867982281551
0.2235956120593901
0.20949322291960328
0.27249515742899151
-0.0006480805196080543
-0.28806906966740909
-0.072093530346425311
-0.10412988005272879
0.054839273211100747
-0.074954853662950916
0.38123358237969323
0.41865180656257205
-0.1604944395533113
0.32082657771199098
0.23609169976704179
-0.175721752659457
-0.18406245220660456
0.26199506384295668
-0.41355158166605654
-0.099903971749932291
-0.20514795812596681
0.1172287207548736
-0.070525841162313182
0.48958236187608958
-0.088027605941036202
0.33337977059544854
0.010910133931752945
0.097511404771231021
-0.0036691070156834582
-0.17114398279846003
0.017496883827206975
-0.54232175244819306
-0.14172843421163892
0.16749517515413554
0.12281364578700287
0.18516020359476199
0.47929182355030354
-0.26494202727958061
-0.24082314632974596
0.43219226673728848
0.29861918306966649
-0.044775392966792412
-0.14621252803330236
-0.23403584139579051
-0.31223895052352439
-0.1199349958245627
0.51236667939405107
0.29075781657374948
-0.37123375122239308
-0.22620907731927477
0.29307988487546398
-0.08867859811809987
0.035672385629992724
-0.11747739065055778
0.034412223542004309
0.26213928597649922
0.11453480326088781
0.80575907536335947
-0.37503869505329306
0.1948097072201414
-0.15185081092708374
-0.061224351653323077
-0.36640557937363759
-0.22869537240574588
0.07947458954175229
0.13626133934908326
-0.059942296472510027
0.062132719780075886
-0.27389635950766926
0.6941229147874882
-0.13155473321847635
0.49106255523869398
-0.3731485642929726
0.16082755887041451
-0.24469115561263721
0.0093484032455073407
-0.16061837461401999
0.040464603155734922
0.26509231506073138
-0.60017902353148032
0.012518874895099384
0.12455327413508905
0.23246399850038173
-0.086355395198755552
-0.10257698901644525
-0.082475593040548936
0.50845297781284247
0.23232833058588611
-0.069541089242166487
-0.068339346525392396
-0.24681671504334839
0.37276326810687624
-0.3594411978587311
