0.107312601977680
0.675844464941183
0.042499665891385
-0.315449388692196
-0.069326469002081
-0.252360629298918
-0.330523106876970
-0.352056360970040
-0.082058429065989
-0.359375996077415
0.812438376152697
-0.028707154876054
-0.310630620129009
-0.102087562717014
0.399567001053604
0.665722401234472
0.313182247922457
-0.224170930861414
0.150490160506580
-0.126484184336123
-0.387272138614704
0.083552094834620
0.166402142557655
0.037704224640289
0.598278234654539
0.034569242536379
0.901720700691699
0.158252227355085
-0.080970711680484
0.052559672898728
0.634829499504202
0.087541345042504
0.442120324047613
-0.102274934039500
0.237715213633487
0.249617283264991
-0.094992989896014
-0.063212380071047
-0.030579702294292
0.156451749480807
0.242926790310043
0.095403406489879
0.008364940399567
0.665352470501271
-0.003177257575677
-0.454543252251080
0.379357341341278
-0.377046301599524
-0.143710736968047
0.497747800563946
0.241985281551361
-0.019223129259603
0.414499322180130
0.804927010179770
-0.024226715892185
-0.041210598157315
-0.178595745650097
0.672377482545408
-0.290632098743074
0.510845011646344
-0.085633717583225
0.007295696932455
-0.494898208373069
0.159518101278591
0.530901239224451
0.254698905322436
-0.032356765941145
-0.090588680833424
0.649167195671806
0.583218148087757
0.702339118758813
-0.070278898139836
0.345283284358010
-0.123756619140427
-0.206971148947486
-0.016562537031170
-0.263270496991903
-0.162297912170997
-0.323291610188900
0.569344491521774
-0.560130306477529
0.514288738359567
0.362338594375131
-0.102210806498094
0.372421078688427
-0.222422228098189
0.091835216796790
0.809991484782741
-0.323095880113027
-0.217989682422900
0.635234486000949
0.484776768769526
0.150694366086578
0.057609024787330
-0.204530817254207
0.550575844726291
0.425905490242738
-0.233470130911431
-0.122411977279476
-0.394813271674019
-0.162862935542940
0.652111028684812
-0.171364663059079
-0.417280592323590
0.231490785399902
0.464042942352491
0.353568731588761
0.256911303973541
0.111724344194111
0.621765928779890
0.240268782658446
0.464207455430592
0.650307949605303
-0.223103691861281
0.143779027131552
-0.417978973755360
-0.319687183608842
-0.421810582239589
0.532720735468736
0.090169598023828
0.279518658759603
0.398595928479068
-0.215248922422027
0.548905539520218
-0.203177034770018
-0.118352176726084
-0.172466121655417
0.063315412268768
0.005877138703908
0.875771445823217
-0.003482257847142
-0.321297472072230
-0.164118480715971
0.633680976111650
-0.506404903038187
-0.157226661535718
0.150687514089890
0.071803829178909
0.732541744897197
-0.312325052647282
-0.109358104266930
0.408969139280177
0.615745346427947
0.163381271965098
0.170186246421349
-0.521532066024672
0.087993702537121
0.190543237448027
0.704245976115870
0.249402496218001
0.232049189711484
0.211194182526285
0.541152953523793
0.148880060924836
-0.351184085199518
0.493502194865945
0.423897749679979
-0.312532885573854
0.531971482935575
0.021084649929911
0.172726175055310
-0.263378512523123
0.641521393419842
0.134345525230694
0.158941593781812
0.286525322733693
-0.352919295856230
-0.090378310465974
-0.030245561986770
0.708607574470715
-0.124886719512812
0.142406097641424
0.726921498377422
0.016854441586393
-0.184099088985345
-0.174296478326303
0.114265062114308
0.264471953556192
0.369187761779374
-0.273004373561097
-0.018494438753596
0.017485745058164
-0.055964106229150
0.529380325618525
0.376263552647125
-0.184628122508796
-0.097306648046494
0.616160033930861
0.303884399170933
0.227343731198035
-0.015371939830988
0.155704572147642
-0.111592311865825
-0.110252275499942
-0.153180039877148
0.036095537056102
0.204967460175043
0.008727439109016
0.091772673613118
0.563932160104053
-0.284876708254065
0.408947157757703
-0.445484991605244
0.093811785355373
0.018470649036358
0.244322357658367
-0.015152892859009
0.051780983615605
-0.216888365462822
-0.204199276774791
0.016537697283060
0.290610529017390
-0.183814057767665
0.425086971486765
0.166356356770130
-0.224948974664947
-0.576658303470277
0.658613707202141
0.259917789127201
-0.121627949421231
0.080666856504513
-0.235476645064709
0.582920669885434
0.012594261745255
0.295295229331952
0.115108789961553
-0.017016129172824
0.246634335378891
-0.400958499226891
0.061425412485036
-0.040401633267339
0.005180413811886
-0.148370302838368
-0.003860652631534
-0.311579365788725
-0.013844095852646
0.033486635377895
-0.005771838337146
0.282211589939057
-0.296469922765724
0.534740200936073
-0.195853838243238
-0.030810873777471
0.339269092643384
-0.005349439683876
-0.015266047262047
0.320415481023871
-0.100947490329108
0.017336356336421
0.225662722445244
-0.073229868487856
-0.239304919112384
-0.345007440704188
-0.363996783395359
0.101262453994679
-0.397881662078273
0.390238667551631
0.203094693420671
-0.348514673772497
-0.045794467350498
-0.074944089781477
0.038561946104391
0.220635345649831
0.183527474503774
0.227731064291721
0.286455511431516
0.014951426698864
0.009457114726027
-0.198008957273082
-0.111895939270325
0.037005647595513
-0.036852813256976
0.370360827837358
0.345223173463910
-0.185834483481533
0.023214465518151
0.183184699467354
0.028957948362292
-0.471807483823644
-0.180454506156595
-0.489735610610550
-0.003776399195314
-0.206904398771433
-0.057268007595504
-0.072150272887449
0.246602857376405
-0.284342543395821
0.226206494781989
0.039342521074900
0.013921882485956
-0.185219949722480
-0.119732907659217
0.012936616372607
-0.155847274645298
0.400419938450041
0.217181483263115
-0.064867781955367
0.137852048231048
-0.025504357648907
0.426870344683815
-0.330488000055393
0.458338425211277
0.183829265905520
0.054039698789436
-0.134426149141440
0.191510094561203
-0.184767726865296
-0.189590913626867
-0.278943135724036
0.025689977203238
-0.369128248571984
-0.111062257009700
0.230355954921413
0.002343569238644
-0.100814583222825
0.300266511482106
0.383811981999958
-0.044741168016064
0.018422383542553
0.270998416621999
-0.477424245836422
0.197949020418834
0.021055421040342
-0.080893581497284
-0.334486308419469
-0.305106950501631
0.055787419578729
0.141332345454323
-0.030631535321522
0.093140092516997
0.160852260622433
0.589811976312821
-0.017248683315363
0.121147114125276
-0.272914602007641
0.036864460233818
-0.369095874418232
-0.112306232979562
-0.145001172416405
-0.156276910915212
0.242867338069965
-0.511640217059923
-0.003057241615070
0.186334851301855
0.300742913204664
-0.280211728123360
-0.127984130581073
-0.005681625492566
0.431421410504172
0.032988147215740
-0.213337537207365
0.064920649656212
-0.005062224179311
0.564314378051688
0.182560839588276
-0.030873531978147
-0.566647547321754
0.241462033479841
-0.180662617466366
-0.512642482388554
