0.080930852430534607
0.70899233880423287
0.072333551284741768
-0.24709273308880896
-0.10005349537805682
-0.30772339327803786
-0.32542945576936936
-0.26855501796302299
-0.063749895671008523
-0.28671902275651099
0.80360265585786244
0.037853883085358826
-0.32920745104367319
-0.14049169063203028
0.40624969402689539
0.70614852501972585
0.23800636110529296
-0.19535527280976235
0.14102184584288458
-0.15741913431812875
-0.37469596163327912
0.052863018584698434
0.21167323202318789
0.039254903265406982
0.64889921810232621
0.05165166418874173
0.89792093137185256
0.20962009823742799
-0.030246608488807411
0.0032429306719376715
0.57750889089089233
0.043492145735704606
0.40401774830090067
-0.13345959638014641
0.24400217673568374
0.31065988068254757
-0.093757135385845082
-0.065138220492733072
-0.0083787504333847506
0.1541868126237802
0.28678935268595988
0.033200790593288314
0.0084668666370743442
0.69043082329046631
0.02004772802784167
-0.47881168362637766
0.42309496064963021
-0.31604934846547339
-0.092505544435047411
0.49765863741613254
0.27017305812273048
-0.14205578168969094
0.3950841207282726
0.77914079720100983
-0.065424067573083866
-0.065006735208770695
-0.18506730294500624
0.70088831443299331
-0.30009841704940845
0.49295182309183025
-0.099752517114722158
0.11554951195051706
-0.46275714585285753
0.1972278424326852
0.6261543373918351
0.26209046353751475
-0.037032635730858659
-0.12514568070584733
0.61455331481028541
0.60516005672438355
0.73866088763692006
-0.007599989198112036
0.312675423843359
-0.13620404244649073
-0.22883736180741415
-0.0022621419213925037
-0.19281461952240559
-0.17076971350283824
-0.40568709157869827
0.60740838978685332
-0.56853873533935268
0.51218125273296339
0.37217099141365821
-0.0025359011926532497
0.32262412488702372
-0.2832892909784966
0.23859688204780607
0.75753440375983316
-0.32929555170658637
-0.19692755109431278
0.57573431307462467
0.45273505494908836
0.18296110699964239
0.093454574787926866
-0.24934381982777824
0.51122770802327185
0.45287003618801899
-0.20996713956814174
-0.1779484427549337
-0.42904051965090864
-0.27339116639760408
0.68796622733697644
-0.11000500316973905
-0.35737692547207106
0.12462707934360645
0.48990838851501862
0.40767151264567143
0.28882606963445518
0.14294521909189565
0.59098315877819675
0.26721430658544
0.2658864616347016
-0.058177586837455633
-0.58325324989760766
0.40742008013660766
-0.42906110370915407
-0.32676854663422139
-0.46317914997930787
0.48896157685944646
0.064806564402823521
0.27670740299192655
0.25827258409187333
-0.1626845686266695
0.54701123897414964
-0.22434933219338557
-0.064388814984203955
-0.16051223032022107
0.098495156100860568
0.0068685613719560782
0.83193647662873369
0.0097236708139052454
-0.34838964668484717
-0.15443348196621767
0.56463844768713788
-0.56427941744505638
-0.51986482881656861
0.6284803707882254
-0.22870940445304509
0.41353793791017031
-0.20445139625524667
-0.13638669254515042
0.33902287473531239
0.64147585436180919
0.23864823983214751
0.14660250832091928
-0.48535445449905925
0.0032175876099858988
0.16140770885290915
0.76392718310213019
0.20257238585970448
0.23682218719988019
0.15854167007406764
0.52753735967694383
0.1581597884691087
-0.37863844944024362
0.59497078863504454
0.3930295135960277
-0.27875327067244068
0.51881214043885886
-0.033586865984871445
0.24409196592164403
-0.18881338626481809
0.61151016016075
0.11335773275507347
0.10210360735573532
0.20042004932590188
-0.23236659547733752
-0.11669613971472054
-0.06149596440686857
0.79224739482653774
-0.11868624262818424
0.056307300474570151
0.70537607822264658
0.0052517024540118129
-0.20282581641083394
-0.20551559192542419
0.21213175990432246
0.31777610851235556
0.3834422259739529
-0.1241836529423533
0.01038295502480166
0.056039502245216467
-0.081350481995530718
0.57380300577051324
0.27452937073931599
-0.13769206099984712
-0.10558367400214327
0.6549825201286726
0.3274580408906683
0.27325894600036664
-0.035857469251039002
0.13462351434754018
-0.055230832575190641
-0.072471132316447773
-0.17867238615616234
-0.058872515379247242
0.22609111304608078
0.023834661720028965
0.10352463063327335
0.54406525390282294
-0.27196569726949294
0.3630148444901532
-0.42107657100418717
0.07264331673738439
0.03262038987739279
0.24764047641457731
-0.016995768071146348
0.028256757090022232
-0.18365649241676452
-0.22374390240207783
0.051385339056558492
0.34985279519533026
-0.22942833860171947
0.46932491270300494
0.16146943837231451
-0.24545912892617036
-0.59927296959278896
0.61614171875590483
0.25532787224904629
-0.049112703929025856
0.065130132651698463
-0.12898841315194114
0.60300944228132677
-0.033846511528995571
0.23202442755207135
0.097316281322595539
0.021129349288267024
0.23793890264328066
-0.40788569905289651
0.052142757785163745
0.015118878838753338
-0.024932829449065556
-0.16862915489744174
-0.00094349747105413889
-0.33182467067729811
0.023514390516312619
-0.079790579518439533
-0.051299282737469382
0.24858787351602528
-0.25665583615900008
0.47679064810825881
-0.19473124892723389
-0.00480843765531673
0.25671070877543688
0.020307708122910113
0.014020302518800763
0.33805671986739882
-0.031752639446058404
0.047352479345904016
0.22945992737948409
-0.085550937821236905
-0.16550999235299366
-0.3192428108622245
-0.34389040064061704
0.17535459148679175
-0.33310911887449414
0.37944940147855934
0.21712791672091831
-0.30898779013402906
0.050661838440973802
-0.097902650129707069
0.054623581098130826
0.24100950055215858
0.22958914672436814
0.22014687597009288
0.3107250111745083
0.098078499981495106
0.045252889908600845
-0.15293449219448083
-0.10068815314906559
0.065748709854001084
-0.025158716303678519
0.42603805847527439
0.35166227497123672
-0.22147114777835068
-0.037752409000232479
0.25396572667804472
0.078191481624352432
-0.40595936512418848
-0.19205883668710939
-0.4769217755297055
0.027193648831140172
-0.23575365814730343
-0.067263488229917512
-0.091161532466677354
0.16584124135382991
-0.24265556618384802
0.21274242001385358
0.05724373007447728
0.075878570615567064
-0.21468305526114274
-0.36949745407852821
-0.0014212563028368677
-0.40695756820393949
-0.010350457760640616
0.22274982725186412
-0.052636074508481269
0.12787300318069972
-0.056503370232444443
0.42353095416254965
-0.36605697539420746
0.51418090504663176
0.24543899638603552
0.044429302127169793
-0.141824264367038
0.18604584129964849
-0.21780913197512255
-0.17593022521647114
-0.39390580192616191
-0.0074854788766100078
-0.34650408380630798
-0.18516200304409108
0.23559950181870195
-0.01256114399817254
-0.086241587046591794
0.17254173115128497
0.010697911180300482
-0.1257307895062087
0.083983299849291165
0.12994026208492041
-0.4491110032124634
0.16711912772063003
-0.03593361642724143
-0.011187467637853278
-0.38141805237078275
-0.28149393829893878
0.072586664599412866
0.16320957341595686
0.014119735654324402
0.049025978717590529
0.13415192315255639
0.57626142980637375
-0.079703244222478585
0.16419849946747703
-0.29785030170706445
0.0584024549470587
-0.28665314318022858
-0.10849562747290854
-0.17597832741944937
-0.12336740829088208
0.27577098080200951
-0.50857411864230339
-0.045500527650741878
0.19308748511815267
0.36537443290195045
-0.26001582376601338
-0.11431103622759219
-0.03487479796660224
0.4226185987609445
-0.01684988719161352
-0.19065784848285488
0.0770959727323164
0.007397948817966681
0.61096870043668715
0.168493540096531
-0.032761172360589058
-0.5572697021344202
0.35957161943431799
-0.14816249033495197
-0.43181662089354069
