0.084207993612574186
0.70062840903872196
0.13219644353285597
-0.29471204775074391
-0.11565428888189942
-0.33291781687024017
0.51627126866345993
0.17169137308618176
-0.042026203694193761
0.38380363638150542
0.79812432723786265
0.013491249233921362
-0.31170204746431302
-0.18762623523140504
0.34882792861342311
0.65445199004301184
0.22285109356087406
-0.17950536409258398
0.15722987223921096
-0.087126073278492178
-0.39474036724996266
0.13393358373640788
0.23110102570246522
0.047378481216808879
0.6925055174310916
0.088090662262711949
0.83198811569695207
0.19962699097865366
-0.10223517641130565
-0.0449170831058808
0.59576644305919522
0.11041453637009474
0.50150997220957492
-0.090902871341728763
0.21806720745116358
0.38959229309834343
-0.24121605532596428
-0.071414008599179876
0.041194968107452609
0.18174161269612494
0.37039946990852988
0.031623416824634513
-0.071106312368635665
0.68887503651261002
-0.11413547018153781
-0.327244330034741
0.41991394683674414
-0.39370418024046531
0.035153940043048815
0.57799117734122793
0.32137296277091792
-0.11611805458397496
0.50289023584550105
0.70189934459256509
-0.16822231892567233
-0.0026384740215578603
-0.20649256741542387
0.6946483523260048
-0.30823674383426355
0.46454796407575631
0.17980605139912525
0.46293653854936481
-0.29303171377055047
0.090703266833715527
0.56545325214695016
0.23570332088233088
-0.025519168118824113
-0.0085257735920200309
0.64212928748438982
0.63029662026157254
0.68560922392780953
-0.038979341254591938
0.3760165660365996
-0.14252523873846911
-0.23884776042886107
0.00096585242307131578
-0.19620217186016429
-0.26297424397517118
-0.3262287166758059
0.7047034572867648
-0.5803653232158692
0.31550901253483593
0.10135229229317989
-0.31296695989939
0.042932840513387936
-0.24152716556358183
0.16373581398671063
0.79267228758054307
-0.37833276990647918
-0.30147100240836283
0.73842855075420713
0.42319655593866647
0.10404776962708022
0.042620775815294271
-0.25252716515371466
0.51468045135067498
0.35725270770155288
-0.28305244486476694
-0.18887399165049793
-0.42300442691237778
-0.14187259954900579
0.71488556484190543
-0.17332248463974558
-0.37239658811696273
0.28697460750664397
0.50903142369941163
0.30440230991129838
0.32948705705161471
0.17019951121570777
0.53024541839856671
0.21258875224492711
0.48320399311666703
0.63270555915882701
-0.24380258491450475
0.17171046492356691
-0.43821278096939425
-0.27884868522094744
-0.37305245139755054
0.61023457416815125
0.10438740102053996
0.38590645488777945
0.36383324173081764
-0.2566487663361329
0.57814154579217264
-0.18678488354076358
-0.13800746946472011
-0.22111102059156872
0.22116258278405711
-0.010006146780859591
0.75814770244577842
0.040400158580765467
-0.3840374074725527
-0.26612703347943766
0.5592870652013858
-0.52419553427439545
-0.138823786759944
0.13565984304118711
0.11165794434504089
0.73747421620879215
-0.32906935669637404
0.01082527517203186
0.44077334307011469
0.52419106175728471
0.16344930001224776
0.072878647072814151
-0.40004523974538935
0.085179908621612604
0.19130943110184786
0.75889987325770389
0.21625156886545562
0.23487217509997206
0.2188189189692555
0.49660601145618003
0.09320017590446905
-0.41016067410880201
0.607124529653621
0.25341941426933142
-0.25262394250421845
0.45122450780244047
-0.07982866523348745
0.037799703705159335
-0.3297736307324545
0.73981707253461023
0.065302230463111156
-0.034126183811865034
0.29435288227289755
-0.39033818140540945
-0.062944969230339759
-0.022083712183795833
0.74395740961426131
-0.14716808519660953
0.1729377701453385
0.69062709229919314
0.11465325949847825
-0.15560828776112817
-0.00069459641869480958
0.07019941157368185
0.79262268627172988
0.297826710529537
0.29322904951598575
-0.51004250664048311
0.72342841421737473
-0.13645879307965239
0.35088047243483507
-0.16290146972547104
0.15614015104076485
-0.035671596085780296
0.091615398926893692
0.52524004506063976
0.27276206693836133
-0.22468354306011147
0.19350041778327466
0.54001980855968143
0.19448293116136397
0.16343265683407961
-0.020086318616841043
0.19556397461207867
-0.21225182292611631
-0.052002250022000992
-0.14956286784984238
0.093366444116334053
0.15402976052074711
-0.014480274059306059
0.10088476652919649
0.64394545363149729
-0.22413730686079434
0.34650102300918641
-0.33018877312203333
0.1054365083447051
0.024157129677613216
0.26260143409626074
-0.053748529977218386
0.038083399403851081
-0.31494543001600977
-0.27427342656758013
0.084301746849072167
0.21792404641803475
-0.18311558024629081
0.45101902140550252
0.18437715787449293
-0.31303466109776768
-0.50738235063715932
0.562652734118973
0.22395136830559812
-0.16746879303380916
0.11140036436874467
-0.23396278815811035
0.50764802867793055
0.02381561632772457
0.2091650808129185
0.15969614450194954
-0.081310695744009825
0.25032129942462699
-0.36236201979153686
0.013768421995176716
-0.05903508854493188
-0.00084353956405667176
-0.15346041078128411
0.064420758131546293
-0.27962475457766749
-0.089224329410424678
0.045473198208676135
0.072835083496000797
0.22066921937416505
-0.31618693364870884
0.058591979494280345
0.28453291873835089
0.028110652493456045
0.50277497972910887
-0.03952981116795713
0.11274700622878439
0.2412544038813177
-0.17726015776688398
-0.023821828188190016
0.17666906513138881
-0.019351823419660099
-0.13687931903358871
-0.35593947776679074
-0.30405532522086137
0.26724044430127702
-0.17076258945033796
0.39872032140523669
0.14319311480990189
-0.28318406383278901
-0.02193045373861171
-0.10279951382089954
-0.018203944218495582
-0.3073573890587768
0.21247431512673948
0.5505027682555349
0.19087401608986112
0.010935918334913284
-0.0075241811575637107
-0.090732160273382668
-0.087544179695060993
0.041177117970518409
-0.031857189920435189
0.28969084214393244
0.24735447700449188
-0.22671580343337853
0.092561237348033344
0.2554549827171892
-0.11361708681233482
-0.46980087237199803
-0.072822980111640985
-0.42340118433645356
0.020829041777275704
-0.15982967876452569
-0.062287567932919327
-0.092783552365679225
0.31225039518713962
-0.26648557104668972
0.23777953369376995
-0.066857482007351415
-0.0035421571605226146
-0.26179123032043046
-0.14148318101411881
0.054067387588384574
-0.13195950029507301
0.35098530423365406
0.20556205242153613
-0.15869795097558794
0.14949223303409402
0.0090866287462033772
0.34335197866153803
-0.32978327190602578
0.38603536848344148
0.08563597538271569
-0.12040891199513721
-0.063910975729058398
0.23402876327099488
-0.27840235600618028
-0.20196434509740423
-0.36117590681739063
-0.06890529007297255
-0.41501502211384904
-0.041091446413431402
0.13480414901250725
-0.0015890101196366615
-0.019387118207527531
0.3037269783539962
0.36012120068163383
-0.017447956706388254
-0.037492295234733303
0.27212964857829291
-0.5224680166996907
0.16189892679566873
-0.0028538909786032289
-0.11636857186244271
-0.4313520061082803
-0.32304922000062651
0.0843290615316591
0.19242974343102131
-0.14881025522122451
-0.052623614952480106
0.11874282069520512
0.63404400408418116
-0.029216896188741132
0.1163159593192483
-0.20717884563703051
0.10286676413944256
-0.37609265571136349
-0.28950566969727289
-0.22116105510059798
-0.092899814201896128
0.033802928724313282
-0.50199924240911836
0.065577525383909214
0.05707372867014844
0.27633052061829314
-0.16564416350540488
-0.12255075228005695
-0.1007727127401121
0.38592561428826035
-0.03898336613201837
-0.32575103364774836
0.085830682183977377
0.04611266186880601
0.54338791493359815
0.15241898503222719
0.23246634922745342
0.30811862354776302
0.0015358732195331473
-0.17338590213774612
0.11442942238009764
0.077778985439152336
0.0050751697860608381
-0.069063625104644519
0.18951401251240972
0.038370571585661249
