0.172924908966038
0.669934731981150
0.093497547694174
-0.290380908696518
-0.159933216150103
-0.386419965705338
0.750040388071678
-0.142228417707105
0.334162813257876
-0.157049971845917
0.811178959311225
-0.045514552722160
-0.321708362262378
-0.128314333788277
0.360954672146085
0.667634246427843
0.276588870578780
-0.130109459113775
0.192845512185146
-0.136234699488894
-0.416571853870492
0.146345594229130
0.225202631187058
0.037721543837991
0.656925555709408
0.073746045661074
0.830699149714738
0.243274232527314
-0.067515921330928
0.041548175142832
0.567524393834910
0.122032666576864
0.434991263196573
-0.091145199085807
0.259958779171135
0.404339965040583
-0.179123856490262
-0.173441878900685
-0.013194732411980
0.231510713500637
0.324920488554618
0.018354569937349
0.033068354456975
0.683427252479510
-0.087621443219690
-0.405609073274753
0.409535078283319
-0.382599576973448
0.002029069850837
0.540785862124905
0.222495619737794
-0.074130077675010
0.460192970899049
0.753631138174378
-0.039825369923385
-0.067465894038959
-0.224483631936964
0.672097172464295
-0.370722227290863
0.452522709411037
0.159971813544029
0.476830492193524
-0.322679331322097
0.114377773801201
0.648003249709091
0.246552722040992
-0.032836206490313
0.038375533655710
0.647867452130869
0.618904123493108
0.666025721372276
-0.090232327512712
0.369666846934346
-0.107336861223959
-0.284833536690296
-0.028996226867602
-0.149358686847252
-0.241823858460611
-0.368094247617688
0.643974674277148
-0.398443268799505
0.580118245227208
0.310138850610687
-0.079448726353422
0.418523882005954
-0.214102818253517
0.152462253292284
0.755691794603771
-0.393552694905306
-0.317566109048984
0.725274828040491
0.376047020272958
0.195694729918447
0.017787533581383
-0.191061079433796
0.543210239030339
0.424113337791866
-0.272286264899307
-0.174417762081983
-0.380907499828334
-0.057539762365681
0.728196105051552
-0.246963080615577
-0.388546555734983
0.274836766078183
0.470307546497452
0.284315411185869
0.326309525904523
0.111351449397087
0.569298049365639
0.227947222350250
0.446523209181965
0.636575993216758
-0.303739613604202
0.120781317440181
-0.458719224893550
-0.256614425859508
-0.349419740732280
0.588149211001871
0.080692351135665
0.391229923157071
0.380936983445625
-0.192561031460929
0.578702929330163
-0.118712450992579
-0.159035564785691
-0.240155875515470
0.147385067318153
-0.023550093404326
0.788419118609440
0.042913172155176
-0.341261098921175
-0.213615230799629
0.592413237602378
-0.459126527596966
-0.157778823763139
0.166857749469211
0.141160863433135
0.749566991326061
-0.322134574195184
-0.035225176863798
0.383187681768786
0.599340896147660
0.097386481343654
0.194381770733721
-0.460858909565806
0.150857059665889
0.198500769722023
0.705792944862942
0.270212862877764
0.249163427639687
0.252445093575846
0.529779158191354
0.139486764733340
-0.349643301672310
0.601534147178717
0.335657521231095
-0.178220416770762
0.500034923579981
-0.042134059787939
0.154643218543477
-0.297854535839902
0.729550757682720
0.082188495219255
0.025355624274925
0.263665387163278
-0.390980169929698
-0.042807012776629
-0.017614753487392
0.744102573578397
-0.171934708011285
0.181611501846127
0.677683849754995
0.002668818733459
-0.161041162781337
-0.072364046155060
0.126400275662557
0.790636579528059
0.266316265343924
0.321457426543414
-0.382321577474606
0.274490662891864
0.207814152389060
-0.401612766339562
-0.339570878478074
0.127325471111335
-0.076032322425040
-0.005309299988001
0.525260087809965
0.323610715824604
-0.113365216356286
0.157502055655462
-0.064757534705235
0.296610264598848
-0.041603689249672
-0.085480418196934
0.177490735891907
-0.152573901406291
-0.107132618353973
-0.126893463124837
0.041415823724949
0.148006829658092
-0.017546573750827
0.055106206680936
0.614914209510246
-0.227094931912948
0.383577152799180
-0.338016328262034
0.090523326368449
0.014404196152040
0.272060425218870
-0.024457056367754
0.105298511987832
-0.278985413173292
-0.274768594899740
0.051845182282074
0.332961746199359
-0.243839471895814
0.436282553182454
0.185927609097601
-0.257603200202163
-0.500905881812865
0.596254520949394
0.194303501677618
-0.100155000951241
0.069553327254325
-0.221112817596896
0.554880987395459
0.024288131613238
0.236716235441829
0.142614474863140
-0.110909830108573
0.214366242237580
-0.382373918859997
0.064216966162844
-0.108196481623574
-0.000223556897893
-0.213346831341753
0.036701687531421
-0.324201318437062
-0.013997561617007
0.041098183925551
-0.021030885562504
0.255053203111514
-0.289395306701790
0.043742922557131
0.211859184968024
0.151958283779126
0.359396312603303
-0.104280755171203
0.058616348482897
0.252316560023923
-0.116518778692900
-0.052429889840177
0.224635851320116
0.011360851985154
-0.136462253390696
-0.338035025517613
-0.387282157493163
0.189622727728869
-0.210848422668089
0.410369646009834
0.149682242350833
-0.363716142893293
0.024923016393147
-0.132390195998265
-0.063093175986540
0.372092325088693
0.223693321996509
0.130560418841111
0.247056228888301
-0.011597283474530
0.012697068789802
-0.130346428943835
-0.160594254290034
0.006653575582973
-0.070604242971961
0.387195999383414
0.253388020766116
-0.195684548218615
0.062704436762077
0.194893803161918
-0.044678781625537
-0.465320251618489
-0.122327644942865
-0.337423036360603
-0.007360909792027
-0.241986431852712
-0.032579946830120
-0.073469698445319
0.284272682957220
-0.320699098247548
0.240816496084153
-0.035808047546587
0.109838821604820
-0.210401662492867
-0.085178437544049
-0.002667616379374
-0.149582722873000
0.403330980546091
0.214704246527908
-0.126657250240483
0.200183580143644
-0.025022346425984
0.382571885939273
-0.273306620316138
0.425938117504361
0.191414374665835
-0.034280938216468
-0.147723560717592
0.240888671783967
-0.243836701276857
-0.250340047791821
-0.304380306973176
0.018707569247758
-0.490427013080351
-0.017947059578320
0.171245622716902
-0.001344302355147
-0.064417545780560
0.258536945671896
0.367973308744778
0.003370543855980
-0.019783111927934
0.243039392201998
-0.511297343290223
0.141738262251267
-0.011982599106079
-0.069937323557856
-0.398621321518307
-0.351100869707421
0.041294745094103
0.168369976295088
-0.030938785918953
0.002692784098449
0.125066373405910
0.576365886938549
-0.005942134773730
0.112982196402270
-0.301954615148336
0.089690018091731
-0.389491250205611
-0.188242586601364
-0.178979810535531
-0.121248505761694
0.104495417080899
-0.464059324099794
-0.003185596227663
0.176535815003997
0.300467295219601
-0.245143855013691
-0.027066941617489
-0.042203315738030
0.398966127643364
-0.000700427717239
-0.272594314755087
0.126545775506041
-0.017523077964417
0.575520421252135
0.174374976362199
0.294474406400149
0.254957998954478
-0.012805814504887
-0.118303715550009
0.116372113190215
-0.470266082501857
0.199437889538493
-0.222253142998433
-0.065384650667539
0.379604923046625
