0.147638249970415
0.62602450970406009
0.039242805172563656
-0.33152019844203706
-0.078508304860155739
0.00064156891430917465
0.68556580064502341
-0.18137268157696852
0.28684963304920949
0.38672771766948589
0.79989025419097522
-0.0035257903490929792
-0.28185861691929941
-0.13642481491890667
0.4015236096064995
0.6950315925116893
0.24004878410022257
-0.20623536404787554
0.12940170316114964
-0.12365342497108928
-0.36327184757870786
0.17507331187775164
0.23327728359364345
0.071677268262381626
0.62954010048255021
0.018745162891709704
0.84956800261817619
0.21459974254824034
-0.10285031107813248
-0.015321389979009466
0.65146997795732539
0.10611000878754494
0.46154781004047796
-0.050441608810769249
0.21764572643635466
0.77986255388694499
-0.32601621646404208
0.031915806551638923
0.35297113536301708
0.088646508502450851
0.23747944536526037
0.20676379417214153
-0.0080337946950309647
0.64315854583872495
0.046378144863188853
-0.40933398938381173
0.42728505462562951
-0.3624074576301284
-0.069063767852625545
0.54392084240427769
0.1746301880697526
-0.1207292183925695
0.536085850819047
0.72113885758137426
-0.14732691633104432
-0.056696091592559248
-0.16604901613297585
0.69178219711285482
-0.28876183631845864
0.42524759279076324
-0.053061396258667767
0.0388976916037345
-0.49246933229848585
0.19221260784187534
0.63058850612559017
0.28794201190978692
0.011621492558223104
0.0057055358972116621
0.6529041552321131
0.61271775141833097
0.73104476028049872
-0.16961874445956097
0.30765418493931814
-0.19411407958888128
-0.18131388425186213
-0.035443109318293688
-0.18378156916983412
-0.17027089580453011
-0.34388407026798122
0.61346487972860882
-0.52182762249588863
0.57117574968065508
0.36197064189745815
-0.10356734206531407
0.32732331471105441
-0.27526051201894766
0.12706378074616471
0.73804783176871566
-0.37727646223195159
-0.25045194767275133
0.5959707332076927
0.55624722839855492
0.12381857782302359
-0.0068777226503221881
-0.22258142040442245
0.52509420503267968
0.38623168329378638
-0.24586875620897197
-0.21420563465722956
-0.42748903523360743
-0.11298292519728633
0.680170456715783
-0.12263358609729135
-0.41335086384114704
0.20305773906031068
0.46515697917832695
0.37991945948114422
0.28316683248310063
0.017303850881031332
0.62159003946834796
0.20858096826360926
0.39341906464525852
0.64683816612036654
-0.31297544738687702
0.1659431122723289
-0.40749196817186346
-0.27674148187547073
-0.40990473053830201
0.58703414588397033
0.15832857197493908
0.3537022993935266
0.35408950375860115
-0.12318336573015982
0.55524744719773642
-0.23628282350819269
-0.12991902576287012
-0.17617726532831635
0.13359068374515098
0.026897909602773363
0.85827850476566358
-0.025808340771899379
-0.23190967310618665
-0.16153939504024616
0.62514407618898022
-0.51808606973822718
-0.089640512865206454
0.15739326218713401
0.091149512646558864
0.74623568630941573
-0.31122296926456905
-0.020292815405709306
0.39586669282299376
0.67960255098748713
0.13476516814565606
0.12524800234738481
-0.49851586799699493
0.14451615464073944
0.25663345916683689
0.71779545066804529
0.21039123961620404
0.24426302661554372
0.24153716515215897
0.56064709307066195
0.14902035288486681
-0.43360719080614817
0.53472621615397717
0.37256062361730578
-0.16369309728066069
0.52457205290280082
-0.033803767893765538
0.15131659659375608
-0.36032070431262201
0.63824420302451207
0.062290171214578463
0.11716055534095543
0.26792668715858854
-0.3154236473817318
-0.050296824926316162
-0.057372274883477552
0.74526423054707051
-0.14386502771365788
0.1588736977494097
0.71377798737076367
0.069744283013296501
-0.19514739450511675
-0.0091499070295879464
0.1072208501293042
0.7534331501234796
0.29958034703542377
0.32936373759841833
-0.43455728177782202
0.73651689042057608
-0.15247989253656435
0.33543869000415265
-0.19253409421645855
-0.32439663423368114
-0.57227111720244182
0.66050987015121907
0.14849733220031707
-0.17474791829929842
0.055709682232251714
0.060602595392081452
-0.093167430585857066
0.50509283563453033
0.44509760810030635
-0.2231919981655415
0.038462900783679098
0.26983547195999777
0.23999481773914308
-0.28906621197780726
-0.007778815417977193
0.22063789630647658
-0.084949901297828919
-0.11791067191540277
-0.17613894341131166
0.0058402210585626914
0.20049745386559833
0.058842401184178793
0.03520325149491246
0.58292764277317339
-0.19272609737630901
0.40462064940258632
-0.41388249437245774
0.095359781053166939
-0.015900149672028111
0.27691063904305377
-0.04056800243486269
0.006102165767419243
-0.32340786805437513
-0.19509407072148726
0.0038036361880303587
0.28457445473184099
-0.17528209034660088
0.40871914649074331
0.15038249541828207
-0.090144890118708251
-0.25714754856946611
0.14516444015068146
0.23432119287840521
0.04280513992979287
0.053805826323907945
-0.24429177762249955
0.60258672342417891
-0.040372664470404756
0.24014496942706385
0.077796592992003206
-0.059494364288246457
0.23571717498897782
-0.39084484386786946
0.00038369894831317179
-0.0055339471643458213
-0.133096574254316
-0.14673076396851588
-0.017620462574731529
-0.29361287634858966
0.045680551321908617
0.056828518292949076
-0.048567904947269202
0.32340673842743628
-0.33788282406342929
0.45726291767797258
-0.046948774145223494
-0.024685114998923682
0.32650023225987514
-0.0072487270615508602
-0.021979154043425063
0.28895130216052112
-0.040069244204959027
-0.065394808139541656
0.15923863611009912
-0.077292353773951777
-0.18796324318671335
-0.28456481102609312
-0.33755190741606685
0.1880803853432134
-0.29443549888481489
0.46679982520714436
0.17639896834716756
-0.3237813837913691
-0.028900001591146092
-0.087969166752479108
0.0082785567434231693
0.27046027078396666
0.17521066366262547
0.20226235327156803
0.34461348083903402
-0.042760197478746942
0.002622731507273108
-0.1743505287495533
-0.085535173230071935
-0.0010844715475182704
-0.042625407787782547
0.3851693423829123
0.30082795451482648
-0.17267336815420646
-0.017510121521031513
0.14593741521807224
-0.0071165415503517379
-0.49863906650131085
-0.12539095221100563
-0.45486126195102487
0.051095431273322054
-0.27834067265306127
-0.094561038607852667
-0.039342078733565203
0.16719947216280977
-0.2984594929803168
0.2185283056619398
0.010070471659298411
-0.086852555360519522
-0.19578203106165624
-0.17728401171589471
-0.055159725435032769
-0.12092606498111196
0.41279429008365717
0.20279606052579855
-0.057769611337733229
0.18110615482475798
-0.067850682716082666
0.37121262129731215
-0.35892390722950978
0.45577103608894205
0.13316837745989973
-0.060869581828611445
-0.11054109447949527
0.18632301225068543
-0.23025949074703303
-0.16180670473026884
-0.27902883728902106
0.071389482076844757
-0.34462471515923346
-0.22184802855416823
0.27502677060907207
0.019666740397543509
-0.12739434039220269
0.3144597660309485
0.32251160513917948
-0.049112253967854028
-0.086522863114548293
0.30390684504150167
-0.4515825917627494
0.16937467271330703
0.064456850860614896
-0.063756309992003589
-0.32609086706574892
-0.28951292758853714
0.016501540253607387
0.094625974764334916
-0.096820927135378668
0.053132779233285243
0.22393523217926772
0.48451539807635734
-0.019851217082646619
0.069691302583788291
-0.2594124892093646
0.036190153175837283
-0.40148712385668959
-0.18113939231962294
-0.21574808522149074
-0.17404636865920169
0.21907425149767245
-0.48840990995008825
-0.0101095392915758
0.16684349961511595
0.32837970374488049
-0.27051386293578762
0.010316171455682679
0.022300018392665746
0.43983941762941744
-0.015585684774639004
-0.13674973726289326
0.050112720645137123
-0.076782658232687798
0.5604907463351982
0.24572136123982386
0.35167376483283799
0.23684612818430743
0.011900187935426825
-0.13635623112927499
0.15499819118611148
-9.0261855334609833e-6
0.022210369129850405
-0.21445299290843271
0.16937157944486871
0.14385447679606411
-0.17757258398483941
0.18686821906303366
0.037888355823950815
0.022235480787600032
-0.10014645742240556
