0.568550277211226
-0.029738426842325
0.356142571625084
-0.503910784832972
0.391177861144354
0.610234967814406
-0.160193552620060
-0.481665716551113
-0.450195377558919
0.043303892708233
-0.185854741452291
-0.057924877293605
-0.069971703900662
0.166894176304468
0.723510714460995
0.455504442635384
0.213287406514469
0.222037618209745
0.188745926222720
0.759011124882556
0.393535520854036
-0.394339339080418
0.473467944442051
0.418580849297965
0.145865673343031
-0.068864714426980
-0.127273777248572
0.739503181693186
-0.266209702258773
-0.321780159745094
0.377199294327695
0.446477501111322
0.029292076718847
0.620173002636141
0.045895424617655
0.255313378461156
0.324978033880430
0.629305914689852
-0.199807087022434
-0.232093821325567
-0.051038585120858
-0.435720809141390
-0.037895010264610
0.648923295231377
-0.428143944531674
0.026572262111810
0.747829577440046
-0.425042265810977
0.186201321412507
-0.123737867117644
-0.131264651283463
0.584998232525498
-0.417457330344073
0.140452449604462
0.577712949743564
0.287367983206493
0.627302085368561
-0.102606472581527
0.165076963987432
0.023744575534641
-0.249079154637935
0.105298351272172
-0.445510307803168
0.718104109884962
0.089185046170065
0.824605013709958
-0.204078093955613
0.197695308927143
-0.230355508110097
-0.358062580156299
-0.109919347892592
-0.198481341862911
0.092909783880174
-0.057818831199471
0.711145847311885
0.682347836950570
-0.152033949770189
0.022982711107528
0.268927137649480
0.058932562585074
-0.477854620068774
0.618192498588245
0.168890589877699
-0.245448200328562
0.163807997657013
-0.287632013051427
0.182115995035542
0.660206921683779
-0.027931653003105
-0.191396375213271
0.621899400228044
-0.000595056255714
-0.393070527061690
0.466216299748773
-0.292403803630002
0.047709133848743
-0.553384599816020
0.283196947592346
-0.085586702341222
0.627311703054438
0.350076356794164
0.169029970929663
-0.209770768229132
0.031217606605774
0.567319966920046
0.002478971484953
0.132906505213150
0.861251030925893
-0.009672889868271
0.445103204090885
-0.290715357288699
0.530364383219892
0.142159322036648
0.288222154141081
-0.355979397667752
0.642149063871593
0.348721474731290
0.495351812342939
-0.140309945502410
-0.046100808320299
-0.302669219214871
0.187419864010814
0.158110249413111
-0.239930346589919
0.771240202384110
-0.184097706076090
-0.250653812873338
0.622708009385134
0.342761200120162
-0.110790252769087
-0.072772838323155
0.715461988384625
0.435885662174049
0.020953319279743
-0.410856479914700
0.318819065661915
0.643895539948995
0.029058293831994
-0.533399382789808
-0.220045233479504
-0.046735837178458
0.322744789079715
-0.013789449286540
0.773950637306571
-0.266838030264983
0.604545868970730
0.216233927305568
-0.349898610834695
-0.125579212229834
-0.457602353057709
-0.262625712309058
0.137252009599456
0.043822835086972
0.693585806935295
0.499844417252367
0.782336090919553
0.443829257425434
-0.239750368878737
-0.012825381516641
0.222053548263245
0.653423332648906
-0.312943515503544
0.122444244014908
-0.111549821582926
0.338283140188043
-0.044152791843401
0.826891236953501
0.137269724617907
0.142047254649566
0.320527140430467
-0.249282493495317
-0.273022103382847
0.615065047719984
0.268447826663881
-0.017527621219069
0.143145039876088
0.123867432104904
0.151677582746667
0.156778544540327
0.712273004919680
0.095740704823912
0.697548411177434
-0.110449846047581
-0.061631391922196
-0.182950836922595
0.260183526422585
-0.070981309264523
0.691885971563275
0.206837207172103
-0.433417796628977
0.379741194893839
-0.239724290511494
-0.243074588218569
0.707228945306667
0.357551727540696
-0.308937982032993
0.702773818612063
-0.148905296126900
-0.344640713853466
0.056719552027646
0.101424216180569
0.059237860616343
-0.000108101327497
0.595300284732526
-0.322432460893288
-0.049222150337388
-0.251338563562445
-0.460867470064210
0.618838196463030
0.012258077774232
-0.077117689924129
-0.134464356549332
0.335410142763115
0.666336992964793
0.407519086276596
0.654263868923457
0.087004636908372
0.342291085763263
0.446778072185444
0.166420891297400
0.681555972149482
-0.334524266205538
-0.328994304364994
-0.086469432421339
0.043845337087756
0.365363848073830
0.319577034718731
-0.332801036896875
0.556359254552124
0.014712670380175
-0.060878712355728
0.337726339032621
0.226720148292508
0.409930666913459
-0.248773567059115
-0.013994189194159
0.169413825618663
-0.237693335610601
-0.235598235139263
0.034364909012238
0.017094077633331
0.110046891221822
-0.008737246994847
-0.305456809386703
0.244163089987490
-0.252464744482300
-0.336463351079788
0.463815542208623
0.117085136231197
0.010268600310818
0.059814023158922
-0.271279362046026
-0.017208942529339
-0.090655039213493
0.017772878889319
0.338565300175484
-0.319992448598178
0.015183255080493
-0.068350625007189
-0.216895583611732
0.358912633696189
-0.294352703124235
-0.001816538976543
-0.200371435187284
0.046585404355878
0.110520295578244
-0.324209514182869
-0.320787719948300
0.024438314150740
-0.223542003016123
0.096363469142560
0.370234752127874
-0.009638931056939
0.028561466760726
0.438314558102526
-0.138334426329097
-0.134805478787869
-0.259829020574277
-0.006223269519699
-0.311189568492999
-0.267309322760402
0.023080428428310
-0.369136740631129
0.023414710150195
-0.024591792645858
0.307992425216809
0.048615371596553
-0.091969714404587
0.083561164488513
-0.011541610868126
0.208839670897219
0.011425362390291
-0.151078376378666
-0.547413663603324
0.345454044473068
0.139578493239922
0.098478063610435
-0.400180526455380
-0.004115541295520
-0.124191127982079
0.000270860394152
0.185578817100079
-0.021414674431767
0.133177909024979
0.073404917276009
0.591471670958665
0.160997523528705
0.215193155293489
0.093134684559216
-0.008839054144590
0.002589988545454
-0.273062162036251
-0.230169226660851
-0.082709461378928
0.548247817997747
-0.051029503052386
-0.000388717786536
-0.363474317172179
0.329864034054107
-0.174250006566605
-0.536512377665161
-0.132154681681666
-0.005847105186187
-0.043738625042151
0.321804308639300
-0.016087955882641
0.281827186459419
-0.247842671200491
-0.118257730075160
0.027972386175073
0.004206663871627
-0.214067621675752
-0.346384725719194
0.210906817367870
0.011706801736284
-0.044013593695406
0.328463700687533
0.462279954328641
-0.398102998206006
-0.005549941928744
0.011436725832153
0.079065275082576
-0.003999397404677
0.074982174884988
-0.174199632776270
-0.145711238138853
-0.003938073021357
-0.163956174787049
0.457212805976489
0.383435962014485
-0.016029178515476
-0.418192667762423
0.120072324905070
0.021243462685988
-0.094029993378865
-0.030689385782497
-0.016967300080790
-0.207088911679020
-0.389572381008375
-0.002466029123202
-0.025450742318046
0.394922749323593
0.011637763501831
-0.470410485115987
0.087877955577628
0.047582567320320
0.065709311287014
-0.211506376383860
-0.188555519339026
-0.191598310500424
-0.378645879519158
0.003982270555879
0.022050076770750
-0.015798376504927
0.076481311997300
-0.435041600300530
0.165632862532527
0.048717867829773
-0.004626976667422
-0.064567884035519
-0.004436324490093
-0.455477028443849
0.150670304629912
-0.055670710175703
0.082995891322471
0.170677596622045
0.251335679714395
0.275734182678832
-0.006322691064902
0.104850776694924
0.005229880221313
0.122164150052747
-0.053417619345933
0.256609083100002
0.018979679181035
0.005659548711462
-0.216020643668793
0.503040803510116
0.182798284448987
-0.008405602592262
-0.271157235395289
-0.015506115935411
0.271737568255745
0.029613702171569
0.155107712002930
0.272213683322830
0.024169128382236
-0.008180414562155
0.329994024514017
0.478532435552608
-0.305592250278839
0.440474567830199
-0.069551157958015
0.342061339562185
0.000360856179494
-0.030049962185744
-0.039376213361664
0.223374051011520
0.402629060342988
-0.490236384315501
0.056188611155249
0.067614749354370
-0.014795990583980
0.417350301539563
-0.189204286620405
-0.060130721061499
0.008259771835558
0.122945708254232
0.002760462986767
-0.304007270101604
0.120206477766915
-0.024559633709682
0.136864684631114
-0.424367765011024
-0.229404559466045
0.442473141983776
0.041148577077710
0.251172170553097
-0.018997969292104
-0.516657336002730
-0.403139904323304
-0.260683205232911
0.049645144025985
-0.007912247354307
0.325409814871873
-0.411476265778236
-0.221560226643931
-0.181995095751252
0.018257714354116
0.039220283487476
-0.020812932805660
0.429960851256468
0.144870785844423
-0.074527226566668
0.089765655251524
-0.004927804746374
-0.348703219049001
-0.298667265091195
0.159746501721337
-0.263816309637586
0.109355793865997
-0.235920124168890
0.460195606157316
-0.013849675536187
0.253539662315459
0.146943363735696
0.220901830137189
0.633731396763052
0.351436239007580
0.073405403652349
