0.565350290926019
-0.065377216953148
0.398305924321352
-0.442834124006253
0.408616221119558
0.578390151074537
-0.193206795523704
-0.484326278335987
-0.479117011066931
-0.066739826174674
-0.187317334627530
-0.069261350875134
-0.036135063347573
0.153569527132568
0.731513398785030
0.456870399186927
0.247882054959551
0.287556764895647
0.211496576768104
0.726300733974894
0.361253593955687
-0.392649545789188
0.497676021411938
0.418496343986694
0.095070456660044
-0.021320226526697
-0.105291687975326
0.756192337113930
-0.235906344812474
-0.273718078125342
0.370017872671887
0.451701230114645
0.038830147791266
0.630100096668625
0.027263270273637
0.283903962696986
0.275536715232879
0.578358672965000
-0.111479415808019
-0.194487318854899
-0.050627651279211
-0.420437811266542
-0.054289981369247
0.667591800364136
-0.426155282835712
0.073876074139609
0.754511726911538
-0.461148084633497
0.187873498058682
-0.102205814098605
-0.106762292946230
0.544811578141036
-0.448978922046582
0.103742233742727
0.611448444234378
0.348500495145764
0.573879577125821
-0.129383414640194
0.186598511829859
0.085192233832553
-0.249797117928636
0.082836245707593
-0.493152718313174
0.701524786217977
0.141360921150493
0.817929532906663
-0.196200410122714
0.197539769072664
-0.216774424566862
-0.397894152303247
-0.099133922658225
-0.254437382585770
0.074119922644390
-0.106489256007966
0.704287608722559
0.739582793488078
-0.120696355497202
0.057196877992684
0.289019502507455
0.116115933098615
-0.486461953252833
0.625775095018623
0.171163857044313
-0.246123307889127
0.196030575086487
-0.293721188165567
0.196445729506977
0.668539628845653
0.014358679590461
-0.177945881087345
0.648568137767036
-0.029094668850059
-0.397686511555735
0.451644917411590
-0.291115393207429
0.054729921602944
-0.508763964146019
0.303615696944490
-0.090137958132639
0.627578764655988
0.069111888111081
-0.424373007962565
-0.424636618449414
-0.194680520398806
0.054323572078674
-0.032689794388039
0.122819027922231
0.895722985272431
-0.007129099258506
0.380553124348634
-0.246301652675338
0.559353140951700
0.056449686367545
0.295258452429536
-0.355634989300171
0.597968684320796
0.370953966400742
0.538702214904122
-0.121854174505496
-0.117969352502859
-0.247812746350152
0.181659139595289
0.141854399286121
-0.233564214416420
0.820764820656122
-0.184986653227704
-0.262968899304380
0.602236605965551
0.363708309366165
-0.103707942385525
-0.255241621857259
0.212651632480581
0.509413911882772
-0.343338797004397
-0.301136936037995
0.304228039303425
0.646824685524585
0.097696385614144
-0.516691240574190
-0.222829829161813
-0.052122506666359
0.325128129181839
-0.036626244347919
0.797014530641399
-0.197135910404611
0.609376406083073
0.218789024634119
-0.335831178274676
-0.101695700970972
-0.462751782728510
-0.261968445406303
0.082578828002390
0.047882006565851
0.720510513581685
0.491447873516035
0.798513508773039
0.439382669408490
-0.209684715961773
-0.031557627873113
0.213804904075099
0.643246758413027
-0.315695813649324
0.152558251860517
-0.138102206055122
0.304206864776093
-0.075211556763370
0.813355966470198
0.164305809127077
0.181271012656539
0.297940263161249
-0.258634149561186
-0.248605073986403
0.547048746519905
0.268493754212405
0.007489098586999
0.129097440070721
0.135996655723942
0.178615061056414
0.153432624170234
0.707138457809795
0.082795000680371
0.725995228437962
-0.101631858352850
-0.047979767528832
-0.157288844984619
0.267225343617925
-0.051908723005565
0.708151500733670
0.215088954297583
-0.397199852755520
0.394504886083063
-0.272498753260618
-0.228415268975697
0.678093557596877
0.373842195221540
-0.332997615249213
0.702269954304594
-0.143715281932942
-0.334970204076102
0.070439239067323
0.141215824980790
0.063857068397390
-0.006629173059604
0.616748816124706
-0.287756306808028
-0.019123308642882
-0.284772370912041
-0.451003016908371
0.601174124639213
0.040196220397781
-0.066962177491657
-0.156585632861087
0.340687973862880
0.642213663264640
0.418677860161386
0.659142389909922
0.053428048172526
0.338964359413474
0.436637160095589
0.149374099977472
0.668215156843879
-0.315634898704311
-0.300191505931812
-0.151315702138416
0.028375283855803
0.382096486614062
0.297424440585072
-0.353271924443258
0.570260930548217
0.039037880134812
-0.047283114814384
0.293754848851226
0.200832255218444
0.453887195861071
-0.272838886646319
0.375683152556390
-0.104682741631155
-0.379240443086816
-0.290465031492059
0.768045339511629
-0.049266289345669
0.224392774919650
-0.232507908219326
-0.218027940779290
-0.003547690856265
-0.030431841700861
0.107480442311591
0.001786974296332
-0.333375776769429
0.189567835991643
-0.258631029370167
-0.337077243873010
0.456022092953728
0.103171797565590
0.031658167811802
0.080663842295414
-0.235401315800123
0.074591769067974
-0.071226780733061
-0.048309965233761
0.353643832740613
-0.322353257082371
0.019782398214492
-0.087309810780801
-0.215576533910050
0.366025680108608
-0.313543570254772
-0.024615661339291
-0.230502743085749
0.006087163429166
0.108425623567356
-0.310048566918686
-0.326498781926471
0.010238664078644
-0.212563072933861
0.174007776846443
0.416181894848690
-0.033693700517800
0.039199721101558
0.502561804153094
-0.127767907546063
-0.119263524892950
-0.264975002215476
0.011706718916609
-0.299227543967110
-0.236105192698856
0.060908879952442
-0.324067585761029
-0.040030883959381
-0.027866080908593
0.294503515864978
0.060308863403348
-0.101350315529522
0.068014514008463
-0.017352038268635
0.237261822307956
0.067276291305929
-0.061436643530917
-0.573442496550549
0.311388530327223
0.119362976961526
0.005195397798638
-0.384290487620172
0.021858908104381
-0.113967161142947
-0.007066011918644
0.154167209887432
-0.012186984595793
0.134484436283899
0.078177790919323
0.579686332909732
0.174985009922881
0.203362002443747
0.063241842025231
-0.023826255738070
0.021659568150174
-0.295352520652748
-0.152073542126638
-0.076635979759233
0.470596782594136
-0.000387266011191
0.005743767391077
-0.361569475250202
0.304892122804060
-0.140476797582669
-0.529076741643991
-0.139011468100904
0.003943364608124
-0.048698713133635
0.307713005527825
-0.047406831363050
0.253102233790121
-0.240271446770034
-0.084387093613375
0.021617302042270
-0.034531737293897
-0.264331000389546
-0.350722975435208
0.221385403112011
-0.030331416659174
-0.012163101315152
-0.642640849340520
-0.213556670879173
0.055014471166379
0.363586355369419
0.026322305687804
0.107272263342473
-0.031229178186261
0.034436224923012
-0.149313011668539
-0.112356143501401
0.078321245675751
-0.167895987425529
0.415618899587073
0.435812964889734
-0.022577468277495
-0.402461198449777
0.133976165775927
-0.007236213930303
-0.073311588079452
-0.049199788163787
0.018052503226630
-0.135514997559528
-0.367842377157632
-0.028985428128400
-0.023365082780303
0.407497392723774
-0.006560700274543
-0.471206402845238
0.047124578566512
-0.246179784365226
-0.327925460274413
-0.113959654849424
0.206317365125515
-0.444826065410406
-0.380768716418011
0.072024337267376
-0.005679998313065
0.039347586233111
0.105559254452355
-0.436993856138296
0.146008437518456
0.029899914648486
-0.001745284626068
-0.054402094355867
-0.009604964874418
-0.459911476345852
0.161594321586992
-0.043522866745579
0.062531303915761
0.142447204000363
0.258915374770511
0.264792385683002
0.003166320898920
0.064426402471368
-0.002829667079945
0.125242621989155
-0.042239985974745
0.244036762362250
0.040138086165543
0.008152239208166
-0.230821952141429
0.523655795861835
0.155085866954420
-0.008333886687020
-0.288790794378923
-0.000462107910697
0.276501587493935
0.011040214709354
0.155550517492906
0.297944282917768
-0.035884409850078
-0.019352056610111
0.358164311563447
0.530265893099707
-0.305783465517579
0.445346492660421
-0.098022584274307
0.328084595913059
0.016251045424713
-0.013024899007076
-0.030083087570057
0.224951339205263
0.436386394557536
-0.431965521945467
0.087344252836037
0.058013376880242
-0.023283104981988
0.423109961753453
-0.172707434147710
-0.084214853579632
0.009619952410407
0.095514006749618
0.022597944996845
-0.318668561036456
0.134242578446256
-0.013109229592915
0.152383336546138
-0.400516969917860
-0.237236689872352
0.438076655854920
0.049548496113401
0.238612551792789
-0.015420035715372
-0.511090684819778
-0.425994448456551
-0.263232250189336
0.042577211115741
-0.009147883762725
0.315357289375031
-0.417835681051738
-0.217475483821912
-0.207510368404997
0.025780373166515
0.039896715396666
-0.040820639384721
0.450506099706005
0.141588075845559
-0.073075595566654
0.069325239690464
-0.032398122667643
-0.361948111472695
-0.297793998007158
0.152275465553393
-0.310034546128738
0.087862522237875
-0.233578272402172
0.454514093250004
-0.003686383601878
0.212469190532526
0.156365313056094
0.214619018519997
0.605727219685551
0.376113889608404
0.108653576097247
-0.046523134280617
-0.022469113557498
-0.008332061475572
0.135214595630383
-0.093782341326619
