0.597622544951104
-0.031361655559267
0.442604607902356
-0.455727726812535
0.334634064247331
0.608667369086107
-0.188020649259671
-0.376833099850619
-0.534980765021341
0.000058650123528
-0.180971679093302
-0.066111674835531
-0.015942063221630
0.176905255439537
0.721391183148300
0.472045018974847
0.228896705586527
0.283763115423744
0.263907236074454
0.719238456626057
0.333525814506629
-0.416061574184973
0.489730211817238
0.390400766781862
0.137464751297338
-0.086160560264545
-0.099275266724126
0.728766573381015
-0.177856477880607
-0.376848314833988
0.355320797728679
0.455719807889761
0.063285880788979
0.639970433745229
-0.001270010100172
0.263044282790053
0.344557354225747
0.568969322743832
-0.112556738969056
-0.272688724976167
-0.064309978497646
-0.437256634586738
-0.034961992767552
0.641392997180232
-0.405581208971768
-0.002044457587489
0.772535491116929
-0.410256426326801
0.213017157491929
-0.088771217295593
-0.087629807646721
0.542563053192953
-0.443953144380918
0.107676849487608
0.631556888779672
0.317588928406526
0.620429338570893
-0.087436157573744
0.191826562079638
0.137691256035547
-0.244151023460652
0.072328754585786
-0.446202644140322
0.704497646700277
0.165249198559105
0.797007712255949
-0.209461832679404
0.220821639661195
-0.215530517914853
-0.400929266972433
-0.106342898703847
-0.238552775179267
0.121589652079004
-0.056897832216440
0.663983318228247
0.724756325650049
-0.119884402077356
0.088022446558775
0.263751555440006
0.065851291925946
-0.460531473572962
0.656269851763290
0.140859821412665
-0.229538589899498
0.188014887127812
-0.272245985394348
0.236121599282451
0.665278773738375
0.016525368333314
-0.235324407916035
0.589488136061217
-0.018638552346767
-0.394747958451039
0.499625675520499
-0.292764144302802
0.062467660146970
-0.535495241314588
0.362866409849962
-0.104655938256398
0.584732356312026
0.066497557705344
-0.416974876365627
-0.444998305797232
-0.192149164507572
0.033340918254055
-0.100306519515515
0.172378156667931
0.860970973144073
0.062561424930599
0.412503840162948
-0.253721520737267
0.531537820466959
0.095829094586290
0.257040912768433
-0.314614915764713
0.619035028774946
0.354718911020992
0.525573330474254
-0.114557311448638
-0.083478733333805
-0.261578476889742
0.196343587178962
0.217432912995916
-0.188835565947922
0.779712533395044
-0.173461918220183
-0.280430567559367
0.605850938943666
0.391821526413469
-0.141883047496160
-0.243838860602014
0.202347823768661
0.472633424776315
-0.349698650952624
-0.321620816257023
0.319176679190731
0.663156915341313
0.062567110066339
-0.500603966752880
-0.224939863365278
-0.033707165198972
0.307741299209281
-0.002570739663816
0.810065091626608
-0.192464021101702
0.586736719587723
0.258247858434640
-0.342685539960013
-0.146030814103426
-0.432168509396205
-0.278273906302702
0.079577121185465
0.032469905837076
0.697584428300952
0.500153314043472
0.822385950110200
0.382609093727855
-0.256448005556785
-0.008619871353607
0.206158188959251
0.680988135816241
-0.324809887344170
0.123229751115401
-0.101987687381454
0.321304901720347
-0.054139460784829
0.812778037506812
0.173169191353823
0.162915055806395
0.318090750132976
-0.235848050757002
-0.243447075649226
0.543140771528267
0.350186197442756
0.006926908937837
0.101374836129358
0.124885470169965
0.134235216822980
0.173630912141278
0.709476267563278
0.116826616171260
0.740955891716590
-0.089384334316972
-0.031029479658632
-0.189576163926433
0.289043109575363
-0.063246638055868
0.733627062776899
0.267651509519624
-0.323613447347617
0.385181582366873
-0.290877207587256
-0.234811465907846
0.676396658045946
0.377188843555783
-0.296284060218794
0.715329966115639
-0.147098259476344
-0.346713798405060
0.060723343791014
0.178494165638890
0.090021351463255
-0.025223806918837
0.593316683727703
-0.251382068245930
-0.030818920646414
-0.266605052928803
-0.479095617652490
0.600080929638299
0.049183144323896
-0.104772067172510
-0.153687385818673
0.366310792593619
0.651475041088623
0.373884590906822
0.626945365300532
0.049320107894401
0.353702638564974
0.463925723446967
0.108095360003175
0.697822654403656
-0.351606955346076
-0.246187321747268
-0.121141745226923
0.011974612776796
0.392373259513749
0.318126784936922
-0.341914860929818
0.549151519479880
0.026120040497604
-0.080925502113867
0.304165662479849
0.173487574505561
0.463550909621395
-0.272109249995434
0.277386050795550
-0.144424532964481
-0.294062325348554
-0.326498588847127
0.828359527200033
-0.146137766988939
-0.159656749276324
-0.089053246799438
0.237098587648618
-0.536655057824448
-0.090092638790011
0.177640475661862
-0.174062338179411
-0.226017726991875
-0.072406151709397
-0.023287418717039
0.096887746820727
-0.027729802051893
-0.335662306811001
0.206390397659546
-0.256642671490563
-0.370858372326479
0.449487937305406
0.052583761735725
0.052132417695620
0.050421620079472
-0.226132086846164
0.027285451023110
-0.050080863376928
-0.019407643557114
0.368658844594299
-0.342487177236363
-0.028076344649151
-0.095747352482719
-0.203336306938794
0.402166491519226
-0.297828666350772
-0.048915914052211
-0.158555441408567
-0.000292622525835
0.132295308258836
-0.309056836594965
-0.339008333305104
-0.023153612625963
-0.154973543019775
0.165589921412513
0.390475715713842
-0.050551871751854
0.044505756816431
0.465731815251343
-0.141351481190238
-0.177534738830516
-0.288056982216494
-0.048253900251046
-0.301269544951008
-0.232078061618871
0.037985040266654
-0.355352179246918
-0.006247263810179
-0.000686906032332
0.286318958793997
0.056643101109766
-0.059630671690973
0.028008849961681
0.029432096165537
0.229439376978171
0.072720568679510
-0.071624047919246
-0.538984007908716
0.311831430417132
0.106648942790701
0.079362038570560
-0.422592629750640
0.014396457038099
-0.126387019410443
0.000273652762393
0.184658258094201
-0.015046329436842
0.158551982468797
0.074031743882213
0.600036502426597
0.167476458086622
0.275170091356876
0.094822873052820
-0.009294244003186
-0.011746563917863
-0.298470508573422
-0.159395660974253
-0.103826468704687
0.503286432593018
-0.022106077207244
0.020852533193344
-0.353614970976119
0.319194887932245
-0.146591818399159
-0.511551204415104
-0.088251235054855
-0.053472537576628
-0.028964653365852
0.314183105204274
-0.019588322817145
0.277061733117654
-0.253332374806929
-0.129142999729559
0.054695689283018
-0.063985915953693
-0.274215539143943
-0.308246669258964
0.211461753883798
-0.076061625173003
-0.003730645048096
-0.616002802062751
-0.244896119020767
0.087387839580870
0.372249249033527
-0.088797121242894
0.040965272243993
-0.021244366242564
0.107836615510564
-0.152436431335823
-0.124167973152269
0.017941895701414
-0.141895241129809
0.508198935300727
0.429787307195230
-0.021619666802783
-0.406508564059920
0.143288232725537
-0.020659095575605
-0.089307259325302
-0.083425730156571
0.021773172226419
-0.141264149679740
-0.409510683423319
-0.083963298792559
0.003392727424628
0.401773142708569
-0.055505473024334
-0.429323120300321
0.041557475833468
-0.282724194497749
-0.329404375607837
-0.125028238910122
0.193288045608813
-0.457224207811069
-0.370273283085447
0.015328916459906
0.039985904706045
-0.024654273974186
0.116996797080709
-0.420150190216775
0.176286245687122
0.014437142584121
-0.025211203903956
-0.049574190222530
-0.034325220735709
-0.474782356957804
0.159513745375024
-0.081573323723681
0.069460187577976
0.176858388889833
0.234295645458583
0.287410304159694
-0.015468608793554
0.096861488303805
-0.012229673257703
0.152381859507389
0.022752691869332
0.199349010245244
0.072959173233732
0.008756747271294
-0.211791468894172
0.466122616346670
0.194654138103218
0.042859797997553
-0.273414306493240
0.000624200526633
0.276233050805247
-0.012032703012083
0.165966605223395
0.309735883441134
-0.029234277314587
-0.056343888214117
0.337985278923730
0.503218960989537
-0.294986871463036
0.464862710156964
-0.068755800385351
0.337846177011380
0.024928048063694
-0.016123267276071
0.002981476682332
0.226620209498898
0.414633381905525
-0.410972004924435
0.062022059729523
0.043839975632251
0.022877524160865
0.411649050219620
-0.148779304594614
-0.068245395544967
0.022804162730416
0.171011353291434
0.028427183709680
-0.277263159997812
0.123925813973472
0.003179439406501
0.167240439587799
-0.395184653272098
-0.235531577058011
0.460023379302342
0.026037656744727
0.279205418541450
-0.026317837065389
-0.503223959970785
-0.419428226334735
-0.236625742299747
-0.019223748589288
-0.039465952644134
0.319506388566657
-0.409632886216244
-0.234610518802871
-0.186625502905123
-0.014871123317361
0.095491164433983
-0.034652314451467
0.457877719937592
0.140188952709465
-0.093969192028058
0.114690255921593
-0.067396499754079
-0.394922670605668
-0.264946377923169
0.087108733355211
-0.275133535283606
0.156689724745629
-0.240822779337128
0.447134678731896
-0.054874643472548
0.200487470001258
0.138069038567941
0.207304800515601
0.635472294541586
0.324591541181038
0.103394579935180
-0.023427418535877
-0.040658884609445
0.024603831851377
0.094452983764969
-0.105907240402141
-0.293633505351539
-0.180312220480955
0.586893625553743
-0.351851598928205
0.118455880593554
