0.069142084823737187
-0.14437142305766416
-0.18550307455388971
0.094378415720928941
0.76171209774682141
0.06779574477549409
-0.16688264256637433
0.85213769002569883
-0.2238969191289116
-0.27080450916520088
-0.1169953856199182
0.41172599593605472
-0.25956083849514773
-0.032296760347580502
0.54738649498172002
0.71835342774951187
-0.11858978050001785
0.093888043730046255
0.00053663768192954982
-0.036414351046015968
-0.56266045576090649
0.026842288994620173
-0.2857932415054703
-0.25651346058004931
0.57192495225611383
0.10005428069877167
-0.29115442955365591
-0.030247249071832931
0.69959209825802565
0.18809508971839049
-0.10790906378530647
-0.0069874787190786056
-0.15691614388882918
0.68282832709819906
-0.16169026289008573
0.73029501297133416
0.42867790846222809
0.12890532263712393
-0.1673376109928654
0.051547729212375632
-0.35587317977668879
-0.10019932034285582
0.69858136018833857
0.4147222266045971
0.30515927374848204
-0.42223369277938498
0.57214266347034243
0.23251219934728842
0.2394074670513529
-0.046698563412423474
-0.31779435133184365
0.20448149099584848
0.78999264386571846
-0.050197457486887699
0.13012421720880777
0.021336322062724963
-0.19091714889743425
0.59610383310896833
0.21423961221577968
-0.038719604591086616
0.6592371919461789
0.15052912347680003
-0.0006733709270096065
-0.29872172300159204
0.051982591882759493
0.12132750181023614
0.11108970426192954
-0.3398100944730031
-0.49312871894255802
0.66265282504298298
0.33038297813557929
0.11394516232161666
0.20862913384377062
0.64282872803253316
-0.071221685483875952
0.10379366009052299
0.096492602467150285
0.28981501800762641
0.84161665984606026
0.075690865510760647
0.097584046963000902
-0.50904544472214215
0.58912404311008488
-0.14769017737830585
0.45079369726473286
-0.50310295776153859
0.64523517284205503
0.26146323510622011
0.11352350623043023
0.250575451885734
0.042198505483832047
0.73817397009859717
-0.26180254905893007
0.4322314827890129
-0.015474503574425339
0.47388777437645011
0.16505713078981246
-0.49242458385462771
0.012354311503578399
0.1599201484080692
0.44524902305500061
0.16031790307192627
0.79365899235558518
0.045025910909770716
0.24291605053957795
0.13082625047953524
0.62005332635620807
0.59610980186846923
0.34395455755553396
-0.23540929779435419
-0.054489074807684565
-0.30047965705172781
-0.4907460630024268
0.0099551376502795485
0.55780339120460288
0.20336056940610439
0.72951854315376088
-0.016652724294365062
0.13778173067135711
-0.042199764512287479
-0.52063492711885075
0.16220140914795608
0.31549213183145269
0.58330508886384859
-0.12961140605161082
0.8796548213639729
0.022272736299956897
-0.065549550788451992
0.081798318066017573
-0.083183139682460367
0.28907760461936345
-0.46183520156110755
0.045617311387871252
-0.05570739613138528
0.57567596407124048
-0.037950825945262125
0.66614865397881416
-0.32546094173048917
-0.45235417657755116
-0.038758107006243221
0.35775265097468218
0.66898439002507151
0.12249128717068573
0.045885930371188628
-0.23596061926386649
-0.034986163610598941
0.70329406139818876
-0.071846959724495343
0.37184208202421777
0.21270402344750148
0.20722028713597937
0.79131649494179911
0.22875888618144183
-0.24530579612018765
0.31717660733792602
-0.14369944613635111
-0.0083580767417446063
0.65409667618751448
-0.10053689630266652
-0.19015056421620067
0.39673933420997331
0.60292563835388268
-0.092268565881377065
-0.2043309201644509
-0.54945679406864533
-0.21943528879309019
0.67607020039329039
-0.30944566803228787
-0.11865591079249324
0.14538681186772696
-0.21720683183501959
0.11638118768231346
0.33904433087757395
-0.08598777954423621
0.86963702505260319
0.099432190532073869
0.13892926097435806
0.55043351362430257
0.42461088695997982
-0.068906648992570842
0.25175365715098108
0.23782736612364599
-0.33276887197278831
0.59154079104291078
0.30625848174259001
0.41220661132846618
0.50190836761362232
-0.045853780862285481
0.389511158698689
0.53446364368744046
-0.41898325290153887
0.066481713494267541
-0.17540416505869699
0.59192459619475878
0.60982233541677921
-0.047687136419190888
0.62109375514102437
0.41407722923399087
-0.42376891061831001
-0.29826592001704804
0.54911405885279392
0.35593117410217287
-0.3821619938150492
0.49566508045618025
-0.29054236223466737
0.21674667653802399
0.11362976029867239
0.018459424522538204
0.3228743644828754
0.61876289468441208
-0.49106847156451309
-0.37603757791200241
-0.030956302776559706
0.61681096877703609
-0.044238915997460095
0.045657935775816055
-0.33050956137915311
0.060893532927871816
-0.095291573622206168
0.75998272309085636
0.67477101139735412
-0.24524147617671957
0.19933390209427341
0.35381872547708145
0.28802379104859735
0.69043423406761516
0.0042400629652106823
0.0032170874285149774
0.17628384450422693
0.3361971477563439
-0.19986092801624995
-0.1069471612070926
-0.51092266100977082
0.66593174302386063
-0.39205311033862124
0.35662583487172038
0.069575784757892553
0.32893492846136073
-0.19100714262329001
-0.011751733696835214
-0.26248498553881959
0.070737485758384605
-0.37048058225513074
0.10979425210355699
0.16015282664712662
-0.10476469006063453
0.54025972950124737
0.031937914389661608
-0.13996440882579981
-0.09704150655979532
-0.11626214152006578
0.46193893570569991
0.26190337427271978
-0.23512521235877852
0.0083999773682329979
-0.01982262553364441
-0.29294462667645671
0.024120067308926761
-0.13658352772408439
-0.11182145046565756
-0.51750958372509451
0.29433231948626778
-0.30661779894708854
-0.0067875492265357406
-0.015448964992445575
-0.10599508353659322
0.17336570035843974
0.25606455428125348
0.58069255783416777
-0.12529977105317556
0.21901941953248263
0.073079862451325943
0.39260613778078251
0.025778471906347615
0.0018270788500046801
-0.25924024455377755
0.039619396932255617
0.55542699280386991
0.031356737077375736
-0.03516938956847124
0.52198213321171215
0.072642704715639812
0.4013371196976661
0.040059759943006422
-0.17569089198201443
0.0078014671105867242
0.016719153660401675
0.32514476788086466
-0.13956974925154669
-0.33179751386512352
-0.16053553289124938
-0.26063990680846193
0.0224449535422346
-0.017029990816280183
0.12523233149940357
-0.26476063761216309
-0.031057545147915553
-0.15236509034777467
0.48100819752230988
-0.23487463504845196
0.20225236809445411
0.29572771212409972
-0.024169724125184149
0.16605883345354481
-0.23902507033191751
-0.33333263285591254
0.11036916999098963
-0.050142153298253113
0.060520645515643105
-0.65642122350383971
0.03656939363022029
0.2832057158638666
-0.5662401313429771
0.17522897206661161
-0.13391833189167181
0.196198502928886
0.28367422795295861
-0.17645357131101142
0.14072991995648982
0.072645862007032814
-0.064021665264328861
0.10762163437958656
0.20380069867105057
0.0031718461756421841
0.59900767523426085
0.14401847939343969
0.019023574023992537
-0.2537170088578907
0.050418070204526723
-0.30636265881594153
-0.20284874586906805
0.21940993782767386
-0.004888131036669663
-0.25861995862905821
0.055309072342774271
-0.14274003493220311
0.0071980756128406491
0.3614371110576144
-0.18339219616790062
0.042711895560127793
-0.18170651101178819
-0.037641552855955494
-0.34805978584933038
-0.16216606426824117
0.12584433544650064
0.051577875221941909
0.34011060356192123
-0.14674899729842211
-0.47559150325638725
0.33751951226936909
-0.06257170987183779
0.045760830783188867
0.011099823500517031
0.21979869999455722
0.17514963289145281
-0.1036042828222391
-0.00036678128936149176
0.029065140391787228
-0.21184284435740911
-0.11354751686448914
-0.28103567460794399
-0.23134224077147781
0.21520845779476761
-0.0042461788222572361
-0.41932624167681427
0.26831399852424289
0.025366814678076274
0.40998850057385428
-0.11171851900552174
0.39012531341219653
0.18900762756089725
0.43887605477707029
0.026242773791237658
-0.016773687757952093
0.12940105294598481
-0.035097263398776944
-0.26790882629321298
0.074825074739740701
-0.028860897199724238
0.35828128194692177
-0.13083892564346426
0.22296281525104612
-0.1953150303566281
0.50989559499381923
0.03978185628742473
0.33308011022591121
-0.036280202103105757
0.18936802726645646
-0.22518255713903814
-0.20959089295843699
0.14744456016759015
-0.012854463163258334
0.03493219705674445
0.57019758611337227
-0.058610558726772108
0.41612781316710847
-0.003697856773849958
0.062726289401483131
0.067650269655329181
-0.36577962351511913
-0.003830788431430344
0.086232961558893538
-0.29002011008883221
-0.061455591276318978
-0.14977363926437034
-0.47377570217297341
0.36450366187532898
0.010414342377361993
-0.080265820432799373
0.37589340164054066
-0.016857628014879559
0.067068805287316513
-0.2412365557834375
-0.247842722272513
-0.050076925607285695
-0.11766651256234163
0.0064474561452452386
0.073307601184211971
0.44606381484871755
0.3815365739996094
-0.11314389583442484
0.013777977685420968
-0.0581849932031687
0.21044293081501075
7.1320265880555501e-5
0.50645499824479642
-0.37880022611263718
0.012676814489148478
0.061314444409697789
0.28086629584378163
0.42193437033146707
-0.20575788370507319
-0.0033223771921462533
-0.096996061166771881
0.30955477564871697
-0.23140415848579462
0.12777996633458332
0.22647827917614187
0.13240932079000175
0.00074710847447122813
-0.096190424517956826
-0.020344347178300106
-0.15851907384454844
0.0046436517120019143
0.17942194843624312
-0.20027897198473068
0.028833237077449547
0.30309810956475002
0.075481449618284623
0.18291240659612623
-0.042123179319444728
0.16276738981502085
0.19418641709343996
0.023399885195337097
-0.17063621914856657
0.29021636082941684
0.33291611275077312
-0.50184707205887175
-0.061901692678157206
-0.043727026418354522
-0.18609142052872592
-0.12235485669621348
-0.069476448162544194
-0.041541569502015622
-0.421809132264765
0.38792103774924597
-0.26599414916704984
-0.065795580857828233
-0.26460780810379143
0.052293092237476907
-0.044281899422160843
0.39100466799407814
0.051075476100506704
-0.20211197214577199
-0.19585150179396922
0.064399321492488975
-0.40216374563155604
-0.15519768706706707
0.19696077175340437
-0.38782071380928423
-0.042141492425798512
0.051693406289594459
-0.07891738080602909
-0.052516185091588795
0.27743684796433494
-0.044266664007441522
-0.19898973166712515
-0.43588255144525854
-0.39483519583058872
-0.57940687238346264
-0.47238281251780349
0.081305990260617033
0.28025457305442452
-0.63898611019257298
-0.18583921173337092
-0.18778777042591974
0.20794995479848443
-0.074969418641988225
-0.57394604328069145
0.50356207118439503
