0.059372614514015
-0.180357075041265
-0.149245821480847
0.078899074357379
0.762346186635624
0.026958914196882
-0.202227477573225
0.845841711024076
-0.250897723651750
-0.246121350026904
-0.119793656428985
0.396967728648941
-0.262796112418449
-0.008194729061724
0.587566016148416
0.714675242080918
-0.139585692784330
0.089640975349874
-0.021590419850782
-0.018893177292864
-0.602734835934818
0.003049427560227
-0.220872678978668
-0.232371426628082
0.593616059527120
0.058955999310612
-0.312146447341782
-0.083160779001669
0.663059286076980
0.180114524074419
-0.114923126049227
-0.027347462222488
-0.198049922344821
0.642762201280491
-0.165214449945897
0.730707217302616
0.434208468993061
0.113838607438164
-0.141470525113059
0.103400208903763
-0.346455602569098
-0.065379204794945
0.715324235344603
0.375033199172567
0.307735707798773
-0.408878453855519
0.586288495398939
0.243233338892242
0.207437639351902
-0.010323668857566
-0.322906527017013
0.227625254170044
0.765390134293428
0.003983715972261
0.148372292845370
-0.046067206482563
-0.228194858283472
0.607120678698047
0.199604485278366
0.001272790556913
0.703298473331166
0.118167351740124
-0.026541180468816
-0.274740956322564
0.046643942285573
0.143112893110363
0.127110885842371
-0.327691513818767
-0.568350296501634
0.623491462405152
0.311995999785623
0.106950232259132
0.278887950606648
0.670241087533577
-0.068035411248123
0.082969845310797
0.101910288966327
0.263846752470687
0.872974730070455
0.120545868024675
0.106545633014372
-0.472751832084731
0.588422939373989
-0.147873161073249
0.463877896523848
-0.448303390420313
0.666030806108015
0.280577970468183
0.100735557639937
0.281006338479245
0.010197690571956
0.711475777251371
-0.339525890123435
0.412220159259330
-0.021923321019508
0.521939526013944
0.180291451560841
-0.477198615889930
0.023520336692474
0.127031560839152
0.452309915399110
0.176406288653992
0.799493342218377
0.036160912831440
0.164529555878592
0.123623776630289
0.565695786220395
0.615548548558244
0.333356271872290
-0.294907386183251
-0.002167567084918
-0.308501331443309
-0.507756976456982
0.041156286336981
0.527060302220513
0.200720676849689
0.697238303408660
-0.018066815827778
0.151435595070787
-0.063678640692025
-0.512431498909967
0.118266632021511
0.298664298012292
0.605620311570545
-0.138189474476078
0.844109146420826
0.031286449900681
-0.133380335337577
0.091300646902655
-0.118118421990146
0.324151850526393
-0.469403296287274
0.003253317190229
-0.045958065210621
0.608736180729658
-0.085908217127608
0.628493726761246
-0.402567750016303
-0.451337053448108
-0.003342641140374
0.344679730388414
0.687932446232819
0.134517712225782
0.041998768725184
-0.275629331747995
-0.061565081312282
0.730764200417813
-0.090331317340366
0.361779223352587
0.130743668285567
0.190377200380630
0.798704978754014
0.219896231951562
-0.251410761548761
0.305038902528920
-0.139448697090895
-0.016674476125298
0.653344884170536
-0.111536504451780
-0.160605839393026
0.381128783001459
0.606471872688400
-0.126789814995347
-0.221242771877493
-0.540862725193906
-0.215829656718157
0.661262622112830
-0.343863923499063
-0.132936603082295
0.155945178538715
-0.193240947406708
0.122692293682027
0.356388587959023
-0.104197809823027
0.861731903944064
0.068523871820181
0.128355465671138
0.581138194381214
0.383220610775737
-0.100290987718618
0.272917743540549
0.213066717779288
-0.297697413080897
0.599059169720640
0.293582768614596
0.375602215046162
0.550865421729540
-0.025799951513614
0.447616625275081
0.496256959639456
-0.428116166376283
0.056211145760073
-0.207228996698402
0.652885224946939
0.537041103549328
-0.024313512662522
0.591855567571297
0.432949072285672
-0.425714855922885
-0.291128594307104
0.530029003382388
0.363575426910374
-0.370593983084806
0.501926310779207
-0.299666447835570
0.193821018653551
0.072590395544592
0.011880354333102
0.304414627726267
0.641872220990008
-0.490138463571066
-0.386033403292649
-0.032221107099009
0.615759547813657
-0.036527813079954
-0.003540650791872
-0.348607442222170
0.055504269895296
-0.061721599430049
0.754063823252571
0.687083506073035
-0.246927739196393
0.186480135856468
0.286263131877232
0.282474428725971
0.620736847121259
0.018521236973367
0.006200849474298
0.206663426337319
0.311391137606664
-0.206927978926060
-0.039765628646867
-0.481077625045599
0.694547015733583
-0.379779326568707
0.331592150887477
0.069093895808540
0.378586104861562
-0.188430390522409
-0.002734393821037
-0.271936721590057
0.061226926708747
-0.372701132519819
0.084504584844956
0.127799762035070
-0.097775868281361
0.538370764509539
0.031776859756435
-0.156124533738561
-0.115712817051567
-0.158351639685355
0.406792113563495
0.290103120263007
-0.281870932367374
0.010441376251616
-0.026961450000571
-0.287128290285345
0.036319748393762
-0.135419371374750
-0.128750038227669
-0.501580687622523
0.291167829849325
-0.277888279597694
0.007934539232084
0.007522266006300
-0.111114622994376
0.199896613108172
0.248111156696611
0.577225221262639
-0.117657606523917
0.228014829752148
0.053595814858029
0.355741502477559
-0.008942704805986
0.006701467739101
-0.285975099168154
0.049870427650012
0.578471044386027
0.008613271340238
-0.033353518901115
0.533756272212583
0.080397832934588
0.431023092107547
0.026177109593856
-0.168985919942801
0.008967422946377
-0.012930019346197
0.340775310599016
-0.103607423886980
-0.326734320424192
-0.198375995691629
-0.282572706697375
0.039213654090264
-0.048575271896413
0.074541995396243
-0.255235858435109
-0.068445370528822
-0.166834331680813
0.486705162351312
-0.228558699601646
0.264484534159526
0.313468032962905
-0.003439737029491
0.209225947272073
-0.155126555499177
-0.347964029572152
0.170310508920775
-0.046046671155193
0.082547697573899
-0.615098997295468
0.030231033537381
0.285756200895723
-0.547193444984406
0.132149746505067
-0.116577468769790
0.169997809908827
0.283290946639823
-0.182392378719012
0.037299273377818
-0.020122118186877
-0.036711646727296
0.121634676499265
0.174855541048464
0.017479474143220
0.559076909340596
0.162761803149456
-0.006835179834283
-0.178039718662722
0.006747454570371
-0.279673397967448
-0.155357835784496
0.245281130477418
-0.037759389739212
-0.294432308448874
0.097200603061167
-0.118899359132148
0.055699366325018
0.337306617732021
-0.236475098977926
0.025595298175530
-0.184157508524097
-0.021981724701798
-0.348520283608895
-0.116050604193309
0.196679914419366
0.031049317741263
0.322303689156369
-0.141851460276457
-0.465382318573162
0.330331823451363
-0.078304984115197
0.033891390916019
-0.013121711638727
0.216615307309479
0.205802583891554
-0.111842092108873
-0.035985393679237
0.040751972311120
-0.208732524132916
-0.169337123060124
-0.279324899055548
-0.230622594494437
0.198906605648524
0.001549331020366
-0.443557507440811
0.259114972072028
0.018817404322672
0.415176491713211
-0.141731525657599
0.431626958706222
0.198141616832336
0.393099294472955
0.080424348964647
-0.028261750241586
0.217486434188542
-0.040990622184275
-0.215817540125313
0.150532342775113
0.005470208048424
0.418897925822048
-0.168585017434174
0.166555177103927
-0.222762135944019
0.442734252479395
-0.010273024031451
0.336647069289247
-0.000752173225699
0.267623112362586
-0.160435508694992
-0.145412563030346
0.157155264405060
0.005128794525637
0.026908899650496
0.534928848178606
-0.022745323149223
0.427535986524694
0.055815420798412
0.013671314899631
0.017600537017429
-0.345914005621310
-0.039046094334816
0.092634673228208
-0.279634200759670
-0.077054002811608
-0.164249921866106
-0.502884817736699
0.354942804085463
-0.000489572718920
-0.070227999989874
0.362452909817508
0.011292236537839
0.039127612324221
-0.224491988765167
-0.265143913882591
-0.083784108671890
-0.101047348200179
0.006677083942627
0.072741582947300
0.450052120759467
0.371244484843410
-0.084559935690622
0.000132535162266
-0.047297694380436
0.240343790751773
0.000209537084329
0.475758949747951
-0.431875769495995
0.011031685600034
0.032636316359043
0.264842118889457
0.441716040857313
-0.222247957823699
-0.001488420729460
-0.088100407704088
0.306856457786512
-0.184737288578512
0.095393534478219
0.175273781667375
0.183510215383675
0.023416288819243
-0.078629467062593
0.067577866711482
-0.105282869772612
0.025414598791538
0.182923450088773
-0.224311459473778
-0.024761148717347
0.330560234121729
0.035875735475765
0.184921772519010
-0.073261270004458
0.143575075659494
0.172348426910729
0.033343754969282
-0.225866023393485
0.284531234561515
0.301385187402692
-0.518290197944742
-0.106535297076466
-0.024272150619682
-0.198831278327270
-0.139515128235365
-0.071161389611559
-0.029376680759809
-0.405320756295581
0.376730527494063
-0.270097391381785
-0.069187927508561
-0.288547888729416
-0.005695707844841
-0.014770005809309
0.447413472141653
0.026984288642790
-0.203383103649415
-0.167152373191018
0.073330078882279
-0.477490751660463
-0.180421415838050
0.185145191567990
-0.417641855976350
-0.055798236362606
0.066197971504421
-0.107960620413628
-0.070392770806528
0.270979111166492
-0.088386240831836
-0.164343721547875
-0.455488172029959
-0.349664139470843
-0.584701872396440
-0.483397305255564
0.079321466653617
0.261687401824966
-0.642067186857291
-0.198056371182299
-0.189875568132734
0.194277476501701
-0.100709192653871
-0.587293101586487
0.482670391381635
