-0.401796318254577
-0.153366353628840
-0.591688916555580
0.000000000776447
0.427365511222519
0.531320070452140
-0.415115677279358
0.126075867352308
-0.351387542057687
-0.221748779906372
0.289290020758618
-0.308530063248782
-0.136292973528162
-0.214263491926657
0.201713100412021
0.081943636984602
0.401953760628058
0.305229334951998
-0.095840046401191
-0.044878020608314
-0.043263609753318
0.000000001290934
-0.066211940514673
0.422800182304714
-0.383343442004427
-0.348303364790671
0.343624161807003
0.000000001003819
-0.174654062266381
0.488198014057259
-0.381941954899987
0.188633304041675
-0.427423737456682
0.372306235631524
0.329108075113777
-0.323741238224411
-0.047674266986048
0.127036395256605
0.093276347730460
0.000000000834609
0.263183575714840
-0.338687810888011
-0.278849277512905
0.324082527554681
-0.270934701726418
-0.000000000782186
-0.348189195029709
0.502644484158013
0.340561402642159
0.340008506135047
-0.225096251806174
-0.489642937460209
-0.015948101639855
0.298767699999919
-0.393695106249573
0.225643457167414
0.268260871619057
0.566940397981963
-0.001316386667055
0.163312928591525
0.098483849627048
0.394576806882110
-0.050248086282063
-0.000000000219874
0.385667162288649
0.087594677253535
-0.283317350040234
-0.375002455779735
0.300581156517163
-0.411881397154901
0.050781649881775
-0.346198472149499
0.086643353662283
0.054102615800333
0.085255112326376
0.000000000320438
0.388166619710592
0.465708757888867
0.278249573968325
0.458731243627825
0.298682711570421
0.438046888831895
0.242345021877744
-0.120295820651440
-0.259264671035855
-0.315543558878044
0.088242734839428
0.498594668298336
0.025407058244626
-0.264146121045601
0.088010708607968
0.096051782991128
0.000255134076813
-0.030484630975567
0.440330783240787
0.397532890023321
-0.393312992147791
0.225931910864988
0.105650653807152
0.565656117859948
-0.105419202360659
0.290502465675544
0.098992423828414
-0.594375771172981
-0.259011652141331
0.000000000251605
0.402566557301949
-0.260477221932259
-0.469672682193926
0.570983506978239
0.098821491055807
-0.000000001125357
-0.119365920089359
-0.570832035328406
-0.000054419706737
-0.000054388210326
0.000301823035612
-0.000000000021423
0.000537074520945
-0.000152720084654
-0.042860169704217
-0.223704489079459
0.303054079947525
0.525550944337980
-0.175251301407228
0.098078164299961
0.395381204507530
-0.222773676780406
-0.108659025350459
0.564501157238700
0.099459284306511
-0.295069105097575
0.440052107257423
-0.131128854466495
-0.346077516047263
-0.000000001240955
-0.686842640034950
0.037706773404461
-0.226383121148061
-0.079895480793929
-0.501330564373527
-0.000000001030370
-0.013283230938196
-0.188871067618263
-0.168161716168258
-0.174230593398499
0.180620954764302
-0.432162449068936
-0.078035948322285
-0.001318124933002
-0.069320368998368
-0.283326389914855
-0.781438256597080
-0.000000000572046
-0.218067211958778
-0.213623966694380
-0.356033554006492
0.265050519686744
0.105435083974108
-0.000000000137926
0.178279886230317
-0.360567394315094
0.217661755522312
-0.195087444908706
0.363302693707881
-0.292619393451730
0.157702275494379
-0.246082145109278
-0.154334418349546
-0.060029783346804
0.044118847405821
0.062888010612479
-0.446532909451776
-0.375919321867440
0.316020317058465
0.075025868189481
-0.238625622252707
0.000000001549111
0.716115263876535
0.020303612083759
-0.288253340010228
0.114184292815983
-0.303822544486444
-0.394626444786023
-0.150151835716822
0.173104529928517
0.224959708670520
0.695256947626645
-0.249716308303157
-0.000000000258304
-0.067380747864417
-0.117694250736487
0.177978973098434
0.175007803978242
-0.196875207234981
0.375901364391021
-0.110855264724291
0.321231020597678
0.204648895835937
0.376157344569720
0.346676260538290
-0.290844060762155
0.265281890774402
-0.218831625019812
-0.413604962009134
0.212820580993802
0.271864494386045
-0.569602495087107
-0.074176641675765
0.099769989651432
-0.142151193022130
-0.210930619824807
0.203304938592828
-0.073549114164319
0.400431976673825
0.309578811448172
-0.130370998342509
-0.221314019038537
-0.218466795535175
-0.000000000310743
0.404359031180152
-0.250424103149947
-0.066511489562740
0.241546981086970
-0.195302790500019
0.000000000510065
-0.003564289239151
0.050967414866702
