0.321418255177193
0.633694784341858
0.108231042257716
-0.291989743552783
0.121347539444536
-0.129371506797605
-0.026886204967950
-0.369673343357525
0.271499118431747
0.301077155377682
-0.217422247344567
0.061009367399408
0.242143746250516
-0.158307289323746
-0.729346249801135
0.109896726527707
-0.206739565751352
-0.074058804441264
-0.101903205305123
0.217870832096869
0.633181692738984
0.371617527333576
0.288614610728688
0.188351950646055
0.311820170200948
-0.281293010566304
0.034398666824714
-0.135767279468044
-0.478237390653863
-0.185362604745652
-0.076988101907966
0.518069926594892
-0.058852569778119
-0.213011628449940
-0.039418163908010
0.202707350940922
0.152291125238180
-0.157345584294747
-0.067207000646970
0.085285912005804
0.182315323436360
-0.148368369969128
0.138582900804426
-0.499378758869982
-0.445532118539179
-0.046543925369198
0.425451009970471
0.202425464361586
-0.029402938863700
0.134200528649704
0.258082296026533
0.407341438450306
-0.498725503511185
-0.018889286713824
0.261380455543357
-0.105105785119555
-0.220000332000154
-0.241407919779344
-0.345474010432736
0.057972847369939
-0.183675604947888
-0.256700057868563
-0.215055716634930
0.062471499050986
-0.317514916275101
-0.601120770607623
-0.018508850842879
-0.391407128344024
0.096613181554728
0.461392606065224
-0.521070234271221
-0.269014742525921
-0.039502037898939
-0.561546037493305
-0.296072890376436
-0.243238744695572
0.041847227342722
0.062919867867547
0.250954394103688
-0.430365739426275
-0.180545345362896
0.435244920201823
-0.139456011544812
-0.128770539296884
-0.476567837966762
-0.261240385386654
0.043696270651649
0.006125552945921
0.340102702487557
0.348811244436679
-0.256478075624401
0.414890797562860
-0.706876642615993
-0.035838256426455
-0.010492941630380
0.014445652852860
0.225885293277110
-0.264757406789679
0.053637038446576
-0.118491233577177
-0.095252561907340
-0.011887293224630
-0.484862774598547
-0.092841912804868
-0.466237348340984
-0.387822004390360
-0.050205079847760
0.178433121910810
0.017538729349349
-0.372396738239395
-0.342155425447854
-0.062254524535489
0.165052173701996
-0.115585499585530
0.591072405609983
-0.180862780122405
0.100129615912244
-0.027352837968779
-0.036655188015000
0.381136660380456
-0.487951119957199
0.414643309265580
0.082356965737326
0.314355252299178
-0.067817336973478
0.067588930110715
0.109585093848850
-0.227664266719249
0.242246640401611
-0.362159581808594
0.107434452219816
0.587759622543092
-0.161969049527697
-0.004506235907263
0.618738335800422
-0.057037707074057
0.046267107422246
0.023516560491737
0.059024111921398
0.228363520801090
-0.184001905160162
-0.000587579395538
0.232426092866311
-0.323204073249187
0.213517255437281
0.057171342121802
-0.268974126365410
0.228018916314671
-0.456170500155404
-0.551715518881451
0.256229847161472
-0.233489001487951
-0.066243661256621
-0.203167442000756
-0.416576630037270
-0.295152658934425
-0.131871446093773
-0.661657690305727
0.277456067279480
0.083388336013718
0.507876393549715
0.207410029313964
-0.151281461182433
0.119287454643213
0.093597687744735
0.254673219165785
-0.322899662823045
0.556620985646320
-0.263565848900052
-0.149379247952124
-0.438103912675093
0.151869971037280
-0.184623360482164
0.596415109292707
-0.449656792671533
0.095421585301141
0.256994734525405
-0.525086166841264
-0.226149567299753
-0.306123696755289
0.002024832356657
-0.101595242063235
0.017238684526702
0.829028718806111
0.081262124995392
0.349099792326335
0.138490811331396
0.138853075833934
-0.011974693632977
-0.063042383436508
-0.073741939353076
0.029985893508942
-0.505469175611052
-0.042609654939632
-0.248865676478411
-0.033183830239770
0.130839547837353
-0.298456712029129
0.250356154421638
0.415477909323831
-0.028425388819513
-0.017711789000928
0.072000967308269
0.013598721384084
0.299414312392536
0.619207559821239
-0.029254006233592
0.405537850115261
0.170895897857131
0.323814529481132
0.150642519564686
0.147569194653557
-0.297016584701543
-0.111860709128399
-0.284589938935860
0.329140046169616
0.068649682383159
-0.445698180859370
0.129790429600981
-0.467341820430929
0.020398469219361
0.143200652802678
-0.209495706964208
-0.120056048424198
-0.005604185058043
-0.478148406522149
0.240626058681530
0.285852028112508
0.503095828837381
0.163656246100167
-0.231905808675652
-0.004700501348907
-0.041579410571400
0.486186813628219
0.219453655201796
-0.028148131407777
0.058881792888118
-0.523583174755720
-0.081368375302490
0.183050816946262
0.118769161738933
-0.578175414945029
-0.435538957859427
-0.218426743829698
-0.041963748861201
0.244349428409582
0.453140091794244
-0.214925291988976
0.072318567269587
-0.070382421965296
0.104478530521181
-0.226776902206961
0.347825493539213
-0.005961100120860
-0.190348451709330
-0.132788268362606
0.178523343255960
-0.278568831260384
-0.110379375954963
0.441668549562482
-0.303883286942439
0.186975987701740
0.035187505167366
0.452943878712031
-0.240674086337517
0.299012499931985
0.120674844937337
0.003652138104468
-0.401606417099788
0.557672646996189
-0.565915530493623
-0.290686002227193
-0.412585580212651
-0.341601516635514
0.429429038034626
-0.094449810840816
-0.072601594895581
-0.196345537419291
0.035491115884126
0.057881938622229
-0.225146230763140
-0.457867310091425
-0.416713256287318
0.067068253527866
-0.212054895949237
0.481212121092477
-0.207833697737382
0.040409335502698
0.234292179746914
0.312701624598327
0.329014471706808
-0.473542904155521
-0.419081746481346
0.174481839301175
-0.025013948659420
-0.276241948994875
-0.463320966469976
0.271888410799207
0.149478101808166
0.013644018593873
0.343345265160296
-0.120410115636122
0.372012800927745
0.029058274935220
0.016935032792464
0.091914351506858
0.375873934408850
-0.440005432982694
0.146446883849322
0.111542699901973
-0.183326987588530
0.358033587168244
-0.628827815783244
0.154921343442158
0.081798172426949
-0.149331191893320
-0.102734135835565
0.186473955448025
0.088051686986516
0.266293042319942
-0.352787456563455
0.047773704425763
0.438075959166170
0.260832497198001
-0.073283370912209
0.225404117045908
-0.130863000789260
-0.405583621196785
-0.151168310999263
-0.012423774344693
0.822366995913378
0.324659474655187
-0.106975617547739
-0.135441476196348
0.050969002274357
-0.196648471504998
0.061442022582325
-0.227823881077556
-0.036266974948452
0.242425428023435
0.471564644224950
-0.126526399162693
0.230010540955350
0.258144369911707
-0.449125124002906
0.498583257506208
-0.358144873644212
0.036811909938167
0.263370240424588
-0.446737940391535
0.223589986915091
-0.328642471753746
-0.146446960539062
-0.110251766443687
0.042567730041957
0.151757406002946
0.107296971173957
-0.208497078607934
-0.586022567363348
-0.227940427095840
0.271104082834625
0.055374952604924
0.123989639341763
0.037085987952519
0.495086978627725
-0.225587741885653
0.361161494258728
-0.051332902879048
0.358157974982287
-0.353492496795596
-0.242132551931569
0.374201381446996
0.254791256032092
0.208803012711125
-0.557763251417681
0.026865415280132
0.574729482628296
-0.037062015286568
-0.143355068319651
0.247405273001267
-0.128698089508220
-0.329664180003360
0.167664840662114
-0.281438021767035
0.131710892070039
0.116546273611388
0.166684951877238
0.574380419710313
0.138585204853883
-0.407037279590942
-0.035698329802865
-0.050379788133936
0.302229003022580
-0.225684680840842
0.117345383878104
0.008234620277923
0.268258370481168
0.491429003414792
-0.219798191836050
-0.198530149460919
-0.146241409499720
0.229341010463469
0.144706409858355
0.121140556258458
0.411798267819366
-0.037652078583979
-0.083909423027351
-0.299618634674471
-0.145784888879147
-0.196146969631789
0.107158158146099
-0.004798725873984
-0.436673322895623
0.200424579577754
-0.028619848801969
-0.191808197479865
0.207942725604054
0.200611646617022
-0.151677897951731
0.171794775969632
0.290710933351421
-0.255134259746773
-0.247543122353538
0.114710042350626
-0.789909227807335
0.321070769457135
0.072949207154281
0.118123326801724
-0.227545769545035
-0.128121627971873
-0.049591877284810
-0.695362029318014
0.386399161787719
0.095710104625816
0.384748844445341
0.110701593883390
0.657214901034049
0.086755111676867
-0.074300523573064
-0.111473522618946
-0.368969422874336
0.091478147573371
-0.251305313365828
0.044126003178928
-0.549102460824601
0.266140566658795
0.038026745843643
-0.013390460592389
-0.438155791681500
-0.315473836624373
-0.325470214907861
-0.021893504189812
0.023891591757015
-0.349101584333119
-0.209948880441365
0.517235393588832
-0.468576352459771
-0.118673167111930
0.477814626961092
0.064766042480525
0.093453616177803
-0.313920931617680
-0.062143053785518
-0.121010216519426
0.337997702457729
0.467059826506872
0.053069501471073
-0.272934834994318
