-0.356385980694685
0.692690895034576
-0.306392148006617
0.136822922089063
-0.400992254715654
0.344841620162297
-0.156097582621217
0.093857168026312
-0.120264809643646
0.095712854110775
0.631926210458475
-0.562054626711815
0.000599899332129
0.070164912691855
-0.430111716446699
-0.661574558885917
0.536395971184791
0.002172575069131
-0.317510940687101
0.453950356202641
-0.202242007150377
0.574107354744563
0.212407547340181
-0.331311203380931
-0.076141867943771
0.075595953687667
-0.639611366050805
0.179178780467143
0.000345203205004
-0.326769808796843
0.149978613503358
0.526173262629221
-0.623131013568141
0.059057421870561
0.380553671663028
0.148796860022446
0.198745674063094
-0.220496856056201
-0.493759164120799
0.180320284034408
0.121483476049811
-0.448305496439512
-0.033662512976863
0.063308701193621
-0.648596612442955
-0.308766965641976
-0.413976382179898
0.020739308260638
0.364498758622049
-0.032144575008230
-0.074513439286021
0.213462352196493
0.323373262557875
0.359742196442076
-0.066007019938201
0.290392533871837
-0.275961763442622
0.212343537846897
-0.090370925924298
0.007689463515504
0.479428466994808
0.142489359246319
-0.277589042827900
0.525790900951250
0.002853163271823
0.431429687685061
0.589701253296288
0.339157077170425
-0.048551711567930
-0.457875345765081
-0.024294714047358
-0.116816078071932
0.213076307190471
-0.193066533957105
-0.355005735921092
-0.215378318141925
-0.063488756187141
-0.222139214550492
0.046978834909263
0.160838253976439
-0.042408012376638
-0.429305042280411
-0.098820211563109
0.192411181002939
0.332093204382383
0.182528660041135
0.007432282583629
0.128387241714640
0.574273888974385
-0.350972628361954
-0.066949678667909
0.290145353088847
-0.029713201627453
-0.234038164739084
0.552475322169384
-0.328222993859692
0.367286910994144
0.116300042017353
-0.102667685152190
-0.330229369647734
0.307241789849760
0.461607450404282
0.438823698727632
0.285131325151673
-0.073818863017258
-0.358259466801021
-0.076772816755697
0.573999941685149
-0.078562969953260
-0.072115249915944
-0.128828049410768
0.384244547813566
0.022090690881636
0.149426897970313
0.322515528911064
-0.352495239466592
-0.276370348262312
-0.478390531565343
-0.131947067302251
-0.359740059744814
0.211517627252531
0.224739017216864
0.087868154418838
0.330468991019885
-0.097942623193447
-0.496723835777596
-0.212064729641887
0.255387907962636
0.204247113201025
-0.577535575436959
0.237372542861501
-0.340117839107045
-0.532673400071953
-0.070965315634053
-0.325051608286054
0.172816303728949
-0.428635315046222
-0.131597871477556
0.073990631833074
0.622426878627766
0.048452264525560
-0.014345387897994
0.109053679709739
0.163969194586552
0.466340443562014
0.528653953381490
0.231962930038492
0.322194671347130
0.117268638897122
0.081500124531784
-0.182471385427543
0.620659480862800
-0.316332168915891
-0.232298505724554
0.055257134448544
-0.348637168697914
0.385277329114627
-0.346746741249785
-0.022498745810406
0.322916414840337
0.014521472781406
-0.206732551863197
-0.537621149513110
0.434239930451941
0.440111249540456
0.126374463656947
-0.158693302801508
-0.336320157447550
0.286076236498656
0.392135085529481
-0.293120698447980
-0.159895341440419
0.058325753524343
0.215496919127092
-0.372421000547908
0.239175924878492
-0.352048866009888
-0.483901165228094
0.125677236445020
0.234037409144083
-0.820606509499372
0.183351505454779
-0.106539662791810
-0.006419111985611
0.151429461106054
0.043469942743302
-0.179931946508733
0.063156594253215
0.266552684004486
0.057582260774044
0.330815977867728
0.262159419460693
-0.379136724715579
0.120310392442422
-0.409346846645243
-0.164615298516251
-0.001669197212840
-0.369583967293741
-0.408496562643803
0.111131621605864
0.020971772789376
-0.696063531227575
-0.083274808125481
0.238524906570002
-0.161598351731200
-0.030886961141391
0.045722194490541
-0.208843663330848
-0.051678968913682
-0.347097667737093
-0.327984810691511
0.645715088194665
0.066595213874932
-0.274902045782001
0.292390643760621
0.092088596947472
-0.171473356219672
-0.462807740883220
-0.527649409109482
-0.073692012662886
-0.164881925391053
0.307820863320709
0.551315388871460
0.257655070581720
-0.256918911342353
-0.116499063484600
0.102632956151840
-0.569867439784998
0.420424844271394
0.028758420423972
-0.510788897897297
0.131977607183783
-0.143609123560515
-0.135243408709806
0.153245248659891
-0.172241720220539
-0.295900255705231
-0.180294921056032
-0.213841089819133
0.315317217087358
0.000528211152178
-0.004060972254430
0.014652717283726
0.021743283560831
-0.012049814121353
-0.003424027810847
-0.160543502139448
0.165689059491401
-0.351029914960015
0.071885584071865
0.107288235097394
0.186644792742330
-0.095553938520211
0.026178040462431
0.108134058171814
0.129074316483117
0.116241615022446
0.181639945572872
0.155816980944586
-0.083848147121805
0.070734262989399
0.244529735306866
-0.131632565108212
-0.233015042075337
0.026500377691103
0.007638823599484
0.383883455355229
-0.397401941383365
0.357851530098362
-0.079925941510923
0.102670526873766
-0.224607618252789
-0.273754389776322
0.006177437212431
0.014548155747917
-0.075666219112706
-0.195439828465827
0.150015517806951
0.016237526364240
0.518285785294243
-0.299242849642058
-0.026462156676210
-0.023022241311521
-0.106046183214481
0.413742018620144
0.319987746832558
0.113491861202849
0.093844763815792
0.086683625462107
0.371679619228132
-0.286466588614521
-0.008797098537200
0.055558174103861
-0.591707057305427
0.216837783777898
0.404604763567270
0.065203851882801
-0.661604144342167
-0.354531640181194
-0.058793157471035
-0.138306438077840
0.108600719743971
-0.084021254261704
0.171447144626175
-0.361312502488646
0.110772095733479
0.036640050706756
0.470453085777722
-0.046489675470069
0.279186006482977
-0.083995798477090
0.033934777838954
0.092534199036582
0.320688726775249
0.155631156765371
-0.007376758894301
0.054065634216139
0.743591185874917
-0.572048950842416
0.105236992004613
0.362433196564647
-0.112852318209065
-0.504757733133207
0.042972386457396
0.181177174569728
0.314235928301936
0.427334152906646
0.234458532235140
-0.027899013486451
-0.130205837186381
0.438391520712415
-0.160231034919466
-0.052540258386861
-0.431277721065068
-0.094861017181234
-0.164610717738652
0.440159967761423
-0.085088068283887
0.391825896383559
-0.143678946979370
-0.023078442807714
-0.220950255486474
-0.161108107769833
-0.305548184284968
-0.301505406380272
-0.016193041673578
-0.207427601305689
0.058782399982963
0.316131605560256
0.067075174210302
0.509884087681561
-0.110956713635064
-0.140358895073530
-0.636504712908184
-0.225874512148214
0.141078473198745
0.322237008013304
-0.090720203490804
0.154389191705590
-0.335923402744093
0.283110598920167
0.420757481713949
-0.397997112500441
0.178971521906071
-0.285112760439823
-0.050838090352450
-0.198597983912455
0.169209382902841
-0.268841822927303
0.222523243023265
-0.366434176376178
-0.135558012103096
0.038919631676231
-0.126968092041559
0.032706779435694
-0.092228699069816
-0.539296685545038
-0.237908178394827
0.291385872518985
0.043973915961657
-0.062196845067910
0.098433336444905
-0.615623547707801
-0.293919716076301
0.039625462702949
-0.275035296247650
0.011670141855333
-0.434724236693999
0.127457277955554
-0.206057937940033
0.359249445716636
0.245022872268978
0.189410731524123
0.143884409875236
0.090713575109611
0.221250233093103
0.057250295210956
-0.053616351408348
-0.083943762791414
-0.169972194499582
-0.704352646298186
-0.213062407273170
0.010812718385812
0.138344897343254
-0.118282466512975
-0.257819186162285
-0.248882074934636
-0.113030815885336
-0.313759369341457
0.031068597928816
0.300634539314704
-0.022763896821631
0.502611929874821
-0.400168850549800
0.023599613890750
-0.046372177933640
0.059676248260006
-0.143019865049336
-0.132001108003713
-0.575571809004484
0.054128336884735
0.007139720786442
0.488969158665298
0.036627751139375
-0.080464214536380
0.082987873138917
-0.017693065989641
-0.206298937147470
0.289750053496903
-0.539884210454294
-0.517628277135044
-0.157675404410837
-0.150441326346078
-0.479302596232138
-0.267502089444297
0.199527485289995
0.383101983391146
-0.004830593058776
0.211113643065607
0.199368068887365
-0.068039521392444
-0.148337202526978
-0.200365403414274
0.347722658616659
0.194445804997860
0.410285794163890
0.394428760253681
0.003338413951968
-0.659224751593232
0.088160069079664
-0.232633595135386
-0.405662903291470
-0.059982529283049
-0.150294467142685
-0.119670091012382
0.205697086154477
-0.110150595616633
0.307898416010729
0.304074705044599
-0.364648937243043
-0.083088289426517
0.106551454182436
0.090438913872693
-0.273212063809860
-0.000974903965835
0.042303358048544
0.352296326528042
-0.077949791561894
0.581840818607780
0.111431463710311
0.272366707088664
0.050783458992110
-0.278313641805326
-0.001175260171328
0.013943896327333
0.393895691811853
0.006670848953328
0.281966296466691
-0.563911729800150
-0.358801232939691
