-0.375698381231686
0.692047173585362
-0.301654951838491
0.152848027711688
-0.405573855437837
0.317919886158355
-0.141154328275159
0.131225657971876
-0.139855143839193
0.131557456966648
0.617909953658718
-0.528736445041546
-0.009026498326859
0.090965090481854
-0.424983595242338
-0.670838554771531
0.530467882412171
0.024197323274178
-0.323107767918392
0.455107384310914
-0.185986525170906
0.586011072538243
0.205545925980418
-0.296634931685873
-0.053781259233815
0.041852198098293
-0.646872584432173
0.201917513644432
-0.003951183907651
-0.330311107014848
0.197341350697078
0.542737670707755
-0.597973610522604
0.037583679823134
0.355504921608011
0.154171071446212
0.170460352945879
-0.217158983899920
-0.557954448390496
0.182198479652309
0.129236799588900
-0.410464979067548
-0.053635481755969
0.021387496614385
-0.654557424624241
-0.291776306956696
-0.413600084528099
0.025320912762092
0.360823645128229
-0.038480603251097
-0.086900065637310
0.199181095280967
0.318354909002003
0.340175112070249
-0.076735309046171
0.286137855893914
-0.270965396110065
0.204703829786840
-0.082485650612161
0.022626700524019
0.491220020830735
0.146685706103724
-0.248211513582773
0.536854064163286
0.022125216142911
0.413551907127557
0.580225744738066
0.374164115272147
-0.079684753732790
-0.460070902570714
0.017527016891834
-0.122147197947704
0.211286398878915
-0.206691073236073
-0.360710346456280
-0.229707012427507
-0.056322778742096
-0.212087497309645
0.051716596001547
0.142549146897512
-0.045006808306207
-0.455585135628361
-0.092884721073916
0.194655292517722
0.343907545603391
0.170912785749002
0.013813818500059
0.140643471918104
0.566039506402100
-0.345838707937187
-0.065737405793080
0.314125465598218
-0.018007009800855
-0.240735240307277
0.555741788536720
-0.341612476363623
0.349101896007940
0.126269179984655
-0.082174559933082
-0.322210955323333
0.330530086655598
0.475760565513380
0.458256024725885
0.246794707770473
-0.065307291319019
-0.350689661740759
-0.105007803805915
0.594700490067248
-0.084047540363420
-0.087589298058267
-0.138275936905417
0.386900575638448
0.010616869305843
0.139140552397241
0.322789113306638
-0.347793736160177
-0.254902819345292
-0.501341818730394
-0.141797548668766
-0.356657178948919
0.220789245142845
0.215235989399837
0.109243818632242
0.337653387038786
-0.113044194551731
-0.523227855707884
-0.249377930795343
0.215664520045030
0.191799816519635
-0.575876259709088
0.245047467214946
-0.358662688060766
-0.582457903036771
-0.117510301447723
-0.322674111603225
0.160603911536432
-0.414923318197114
-0.160858321214872
0.069431830160914
0.605033936866359
0.064387974721611
-0.000827623209107
0.087504833781174
0.169639088084973
0.481273862489685
0.545876668771499
0.208473205250415
0.318488260195601
0.122519136533736
0.052790247904831
-0.165585986194045
0.603616187760953
-0.337493455050352
-0.207366972937349
0.008023515126253
-0.385150755152146
0.376395787288136
-0.322213069315833
-0.040669400125562
0.307930656287376
0.027381011028483
-0.219217341345628
-0.546236970800777
0.441455534145199
0.423079779922168
0.138429477594123
-0.167143979290086
-0.324304014608921
0.275192127928188
0.401657796550284
-0.309117278639897
-0.146570880151668
0.046993072068210
0.188767855282612
-0.345369375605762
0.265509986369629
-0.369162990401884
-0.459305634652964
0.119131106403111
0.235396206609182
-0.813787079437264
0.207381029223873
-0.102399246995823
-0.047188223419973
0.174922693519965
0.037527698543186
-0.186819876804562
0.062143824356337
0.251373147348546
0.061345218958660
0.326224733603426
0.239244835893619
-0.409693229329878
0.162759438260282
-0.413305932070029
-0.166002522900662
0.037743168706411
-0.383498548898480
-0.409132151167413
0.109941177034793
-0.002354846783694
-0.681340406316941
-0.113951307954855
0.232048296823761
-0.126674449050650
-0.041232464458076
0.019570926560788
-0.253981437053793
-0.039778495333873
-0.317514178191437
-0.300588992510064
0.667302809620691
0.120322473132640
-0.298591348595372
0.281996060193053
0.127669144476148
-0.158930179624281
-0.479943942016605
-0.493295376904380
-0.032662470516202
-0.207820716776334
0.313683188782088
0.541522038093466
0.217845600082331
-0.257231575513799
-0.121603877606775
0.092946205656020
-0.598495921094280
0.428531605247620
0.058028504295309
-0.510846633868217
0.085427727807020
-0.142811495666028
-0.135586884273979
0.156672857073203
-0.188673732942656
-0.297785558669117
-0.185610078458440
-0.216090512599944
0.324444983987766
0.000004024974600
-0.000003940043559
0.000004284350377
-0.000006525913044
-0.000002434224236
0.000000349095803
-0.190616873031226
0.197642234523083
-0.391942747502666
0.035838227944388
0.096788482355865
0.157939121313150
-0.082645473884817
0.016248027631109
0.108334873542820
0.122020019973964
0.116345601898548
0.178243836323639
0.159257154975497
-0.112137841244669
0.033669882575244
0.247696668094529
-0.139562750600696
-0.245630750126230
0.025525631478694
-0.013974528570854
0.394772741650064
-0.402274556382253
0.320757950409684
-0.074948404032249
0.124830213522640
-0.243806400321618
-0.265634744710436
0.061746314124004
0.025193308412733
-0.085565769621649
-0.191223307930161
0.143574384961923
0.005615718042681
0.498853504324831
-0.295858634666346
-0.022214806413277
-0.058549281158187
-0.111368683822489
0.421885563528704
0.312020585278575
0.092093302008676
0.108279007299390
0.082699859606826
0.424977750023456
-0.290117527217522
-0.005898921686530
0.078212436029920
-0.571197284996557
0.227619226616253
0.408137321470682
0.058827030435481
-0.672439581592046
-0.332895054011533
-0.068947464989621
-0.164622778353043
0.116697599572217
-0.103036092602662
0.166259686586047
-0.353738589547099
0.108358431153865
0.024903186366074
0.457686921627645
-0.089620711457436
0.241753624672137
-0.115702734250149
0.011660777465102
0.105924882700202
0.375385888053315
0.148770259457546
-0.006300115345174
0.052837863220316
0.710286888029954
-0.570977643807747
0.094752512829678
0.369046939586915
-0.114944714054887
-0.485432367367692
0.029281886749791
0.183723127684751
0.308975341402880
0.421864278136463
0.269877461569776
-0.017784039347005
-0.110455160705634
0.434293021041359
-0.178662922490518
-0.016822272721573
-0.398645119029532
-0.070607889694410
-0.168703276821995
0.420607035882437
-0.041085327572687
0.410195103169923
-0.144646824780076
-0.036686623524367
-0.216532285750188
-0.143187689850776
-0.300527328346159
-0.288262573898105
-0.023938624239001
-0.196426217406105
0.063868438123258
0.322451752534014
0.064776484660275
0.536870027400993
-0.110707221851722
-0.124792349442139
-0.610531942640728
-0.194340637015855
0.158085102015021
0.332940488531899
-0.073424849818943
0.095794314525674
-0.350771207414525
0.252473346132594
0.425714293560707
-0.390294989691319
0.199698286400308
-0.228686548850127
-0.054337878630466
-0.185892778376464
0.173524085932468
-0.262432202453171
0.213342267253561
-0.370040499179743
-0.134942035523875
0.009020920085868
-0.092210028922753
0.013048806249042
-0.081762767262337
-0.516950897623789
-0.190545122252127
0.271366344436734
0.062545269991876
-0.098470838591419
0.091377989324648
-0.651127551303290
-0.262615706054983
0.039903532759199
-0.251841981690304
-0.020077655741473
-0.436026428475105
0.105003108391258
-0.202820231894016
0.322613178933738
0.229586293522863
0.205785945055996
0.156636097641866
0.160858175775605
0.231026405453123
0.067182353773119
-0.012442196167071
-0.077001197689131
-0.167581328429873
-0.716550746193474
-0.238951381489660
-0.014590307841528
0.137538444626726
-0.148172610005080
-0.257762134282273
-0.231286743959337
-0.120220879894373
-0.300244228115486
0.034022427773301
0.314898371358610
-0.008027350946433
0.521378533378063
-0.381702790795293
0.016328287983305
-0.048738240172086
0.052228891844788
-0.137735343665581
-0.180066308750042
-0.580183661264281
0.059049502354645
0.010262647926871
0.481475151083317
0.028092663476379
-0.074623976432057
0.090866190614050
-0.018465892525816
-0.236370296189789
0.296416429323017
-0.550343888075399
-0.506425371222830
-0.164937739378675
-0.122002014716834
-0.458996208702829
-0.248974912718218
0.220434732248260
0.345921081897759
-0.054617980274760
0.220353571306679
0.232210275866535
-0.104828781640798
-0.158195123167165
-0.181583229904355
0.343507881720498
0.217701056941254
0.420143514971877
0.437279770483396
0.017783011434458
-0.622674764440220
0.108619866727149
-0.222252562367927
-0.384368092752420
-0.053068029458650
-0.113981869357774
-0.130093364261014
0.187163940220265
-0.146285303366052
0.329531652278908
0.295954633469762
-0.357876347376124
-0.056887198716460
0.097519091099654
0.077601965610602
-0.246954659321134
-0.023305027055305
0.036466800023480
0.368922701444922
-0.080744320684148
0.586913573780122
0.103783379736013
0.264644806932422
0.049208199274070
-0.279737485570121
0.001528056583447
0.024912879960612
0.412648894021706
0.021227041543069
0.294791319428178
-0.533704758132662
-0.348820586297109