-0.476805007645806
-0.468132735031855
0.422139148853424
-0.112953667085259
0.163835546006501
0.579401975348314
0.167769144985899
-0.448209352853927
-0.298004476222885
0.266225914247448
-0.359938614820325
-0.224353169319511
-0.171128674593282
0.161315199132150
-0.093625929600956
0.370444362930486
-0.525769417636632
0.045747626000378
-0.475561207278174
-0.500132794074507
0.139407452324649
0.096109821572612
0.126328817442578
-0.233546858661490
-0.445931724897971
-0.193740563663929
-0.328202336730215
0.070208121249588
-0.237866100520318
-0.071045228033143
-0.304156087232825
-0.403300415357580
0.326078014822718
-0.063379918545742
-0.062344440635179
-0.185771866096851
-0.139292989285632
0.102412810678744
0.350972729191132
0.250339951460985
-0.143888840250028
-0.558723877975916
-0.436816165754004
0.194490531981729
0.530639094128444
0.135454628700310
-0.278640995839907
0.248283092460998
-0.007970842395248
0.198640674232555
-0.103498033698584
-0.101907922550556
0.490670830630140
-0.150440382830472
-0.422886924748483
-0.444855893143508
-0.355237461530354
-0.140122431691252
0.502295459233435
0.065068357289107
-0.297167569743634
-0.044031772744289
0.395179806755725
-0.562794895666894
0.139275465612146
-0.389690898932681
-0.270689911109903
0.351915431870443
-0.409464781124927
-0.494272727617127
0.341730499348897
-0.192575335978547
-0.297833412098491
0.322211560476719
0.017566415270416
-0.074591934377020
-0.022562810329157
-0.061452071952080
-0.088971610151198
0.213258183334466
-0.157703680058812
-0.342623699865584
-0.471245319893641
0.082905426614910
-0.455808799333399
0.258487980269812
0.161458245946317
0.362058338928189
-0.153566735121174
0.153358669269982
-0.445844397657260
0.279010456788209
-0.403819453081582
-0.070363694872788
-0.124621397484017
-0.433911358349989
-0.238693185480987
-0.309152729744885
-0.523878671953968
0.241660793503654
0.126299377543155
-0.215179942241268
-0.483356513973979
0.390750287628789
-0.197752825184843
-0.194821382349386
0.125159738500582
-0.115913160962027
0.000941688125327
0.128469963011458
0.513933101402590
-0.214326724845452
-0.000102409702876
-0.001150687709880
-0.485608827503908
0.152796805383626
-0.111221428080300
0.051745410350028
0.546509807604633
-0.150284969607445
-0.156545984271172
0.527909651950138
-0.128005067499249
0.479285728801646
-0.147201758125372
-0.079424816887024
0.085650139041753
-0.246995802481234
-0.031203662631886
-0.198917308435606
0.343617697611130
-0.230654720777902
0.000996203850942
0.002238851536732
-0.060232764637759
0.662367876408155
0.001566230840274
0.000926469295567
-0.246046769206312
-0.311276972866191
0.341849238997116
0.401411682135246
0.423445130334247
-0.009749869933187
-0.472130265761288
-0.181594530004703
0.202233907311440
-0.053786345123578
0.557106082518470
-0.176096428613843
-0.230101072064978
-0.278007499750983
-0.175893057466883
-0.359964119797556
0.056281506127272
-0.174094329892406
-0.470147966915667
-0.196190335173148
-0.081009154907814
-0.039539531472542
-0.237971005078900
0.279325515421769
-0.000407215898344
-0.005397132979397
-0.003692690847478
0.005703608174452
0.483913356832068
-0.822299495332799
-0.126855384247284
-0.483611463731517
-0.270001490161419
0.249913722691355
0.356209960547054
0.241736761732968
-0.477880304626625
0.185462741278427
0.061208720415161
0.080987950478411
-0.270167755341299
0.255267448162106
-0.442638889641537
-0.028782296405330
0.113819010694445
0.581313385939041
0.320501270307235
0.262008028789732
-0.464088743209594
-0.224064879140310
-0.179986256625161
0.342158111843672
-0.093253526276009
0.345823898634240
-0.254363771615223
-0.177241356173026
-0.322635987055962
0.186564766822191
0.315940937873739
-0.250739386066276
-0.000159086752849
-0.821824268693024
-0.012525599950196
0.309515743594612
-0.006012182680469
0.006294186565874
0.030311668592354
0.019077762205107
-0.061581934059268
0.094782002737957
0.078568143626675
0.561449710948419
-0.482160900674221
0.191634907564385
-0.269486682956994
0.137999972258818
0.222852208523606
-0.095703973684506
-0.326965813088533
-0.405424237573528
0.030582214448236
0.163216049538565
-0.281460498807458
0.225110845824552
-0.149109382274996
0.154779767533931
-0.124797987737999
0.038591806180320
0.059661160501428
0.187784822947185
-0.000662611453635
-0.004669900543219
-0.011428397125198
0.000537627015322
-0.428938224294485
-0.341609523697161
-0.398008955043976
0.159508008806926
0.120347413998757
-0.320693093481796
0.297700138259639
-0.354345166961212
-0.289802377673970
0.494543234156894
0.347632616588674
0.154849188343431
0.530341300494307
-0.071210102549529
0.000000000000000
0.000000000000000
0.000000000000000
0.000000000000000
0.000000000000000
0.000000000000000
-0.455767711512414
-0.359455185913729
0.157776717415298
-0.194682966215729
-0.061677353433075
-0.166905812839964
-0.444343344430438
0.340845301748289
0.339104788437976
0.047882050958754
-0.006376782094506
-0.298712700725430
0.094194627827912
-0.309573308547344
-0.234554693261734
-0.359401692653803
0.058649477349186
-0.363593979964532
-0.192793919691639
0.331258696290586
-0.551956371502279
-0.028679146938626
-0.369922860029518
-0.010618812146261
-0.367283154079677
0.136555504242121
0.218304143037656
0.253447427348435
-0.161140954390741
-0.551989966164579
-0.468641918716271
-0.239626268780866
-0.134546441901176
-0.339186546386559
-0.169753848456692
0.111212127174935
-0.211772600499485
0.372509236668903
-0.189279612809306
-0.214649388958279
-0.206857316695930
0.154441315343341
-0.476592260924976
-0.349772110382501
-0.080951107361542
0.466566522017472
0.010759466138151
-0.319620443650474
-0.222349426274616
0.231264785420251
0.038068502924288
0.056762517334675
-0.167301012945561
0.292102417357391
-0.382842721358871
-0.198262856926240
0.081222394348863
0.182263244588780
0.158996367229078
0.120901985075342
-0.005900835893625
-0.014530488095439
0.075438133842835
0.102483044815454
0.287992250409445
0.371040958140378
-0.381790363799255
-0.188268303487603
0.632821175027819
-0.006172836949879
-0.460709202917574
-0.057917584856454
-0.467260348867840
0.244243181592745
0.182732104093687
-0.362880183367375
-0.116632180574653
0.344579465231122
0.172228770085145
0.084081299978396
0.355981640444982
0.219866147037140
0.146175206891678
0.536658193500257
-0.168982929042258
-0.310995990918093
-0.037110935198194
-0.242316371020375
-0.116388144668760
-0.390679915213435
0.127122011354546
0.229994987278408
0.271082461092732
-0.046528782251952
-0.166077552206312
-0.529204430215404
-0.036880046173214
0.429068838734719
0.180588263719053
0.325951264246251
0.090650426547626
-0.418311208949902
0.000766977610875
0.250810905391908
0.518462787507850
0.584524015109307
-0.006520377103306
-0.002978162427320
0.053209620472755
0.120234774931439
-0.584541884476169
0.027473517705230
0.139949723682420
-0.158786865344259
-0.220008968305867
0.095001978245145
-0.128471130055705
0.096781826003075
-0.541586327738120
0.214735563926095
-0.256900153610080
-0.476752329626083
0.168814641442485
-0.441845231693680
-0.446091944284894
0.061859141060232
-0.000918118781664
-0.251629095458214
0.675117438515076
-0.195845985368542
-0.007499245284747
-0.010863010114048
0.111807728728188
0.162641423173470
-0.244668339013615
-0.314146864525226
0.115652149300713
0.417486629033201
0.122243865661273
-0.107163057917526
0.556181171057746
-0.013098067172492
0.047799268617864
-0.143966895949885
0.427415443537963
-0.044216952145517
0.089031388903837
0.558993657755421
-0.315559458881034
-0.266756401863993
-0.134629511882628
0.095158841721178
0.191952766071170
-0.550969453046897
-0.356294571374187
-0.321173016031097
-0.000793215234481
0.001511549686170
0.000764164634768
0.004657839769742
-0.038066337314754
0.296819308073993
0.466711313457000
-0.327653985964408
0.183119862477772
-0.220512925769872
0.031233840763696
0.145040753888613
-0.093742917453322
-0.105161876955649
-0.208464000854178
0.545598878427885
-0.337378902686123
-0.337593971574533
-0.197214576655538
0.270079428768083
0.162545517636457
0.316534140076423
0.035199665923043
-0.203230634493178
0.108080010038927
0.210347029789999
-0.140806327244922
-0.360605939799895
0.490576713397369
-0.101010961819466
0.402468265691975
0.321161545149172
0.135513288956288
0.329762495991715
0.436456512150615
0.139887025210973
-0.001474024032119
0.426516471399440
-0.085519534097877
0.197931610224765
0.012338744364865
0.003311494159672
-0.268749373543714
0.374357014805653
0.590095021291340
-0.232102170575706
0.195749665227775
0.108497301735960
0.059144482679783
0.062490547230268
0.303668792390599
-0.576894207389689
-0.042239130247839
0.382228415434972
0.356853807774230
0.075670929281036
0.565229555056597
0.189795833383721
0.205281212541194
-0.201337712642346
-0.452574493625761
0.440998662339944
-0.387417739714998
0.102187188417886
0.171266604311059
0.555655187944115
0.000706568790453
0.012485622555535
-0.008848483233055
0.002219329478934
-0.761536590962159
-0.344940861984529
-0.265023544297143
0.369029768206784
-0.049247060273039
-0.343251749845432
-0.392773376537084
-0.060780144876111
-0.378835724823179
-0.031680843620032
0.116777661242678
0.009223773972654
0.045154765075367
0.282844224347500