-0.482474583467437
0.667499575787914
-0.204258008709971
0.171247006439023
-0.394790854728256
0.298514338501309
-0.166783151026639
0.019783514745800
-0.119025407508993
0.063906016514370
0.585121162933847
-0.562499172454443
0.005368747145027
0.085270815373015
-0.494596046000624
-0.638155875514526
0.512520005607734
0.020183175540838
-0.302819658502702
0.462433411003117
-0.150605814177933
0.585845559711204
0.223668117967845
-0.320024398007131
-0.070295810960640
0.063011020818073
-0.628053574486811
0.253468292562187
0.032714944316652
-0.348349157009556
0.164682853572470
0.536211117009417
-0.593278932212059
0.080400396522265
0.363207661890993
0.122100736526132
0.239467545704835
-0.193068821975386
-0.509010332106865
0.225685424736852
0.101579290885664
-0.447115961019582
-0.059830686989023
0.088024987497394
-0.685820509320622
-0.189421674645497
-0.442645554111219
0.036361998545787
0.407431962291753
-0.043136546026259
-0.007642573866005
0.240991664501418
0.266235577368947
0.325879573634801
-0.110524524293752
0.312858940627607
-0.242468856724101
0.218075597490729
-0.073248824145485
0.011299052599653
0.448367434561856
0.219767674230833
-0.294587394762919
0.505082054109603
0.020672057653617
0.418311851684242
0.563060613651012
0.426888075815571
-0.079592801171110
-0.439752299138406
0.014278836040227
-0.116351199077612
0.235867000924758
-0.163877773874411
-0.319234598236595
-0.225545106772992
-0.083378695565991
-0.240728418397863
0.012700820386089
0.159322634528498
-0.081604293787907
-0.461155325150245
-0.103897019507132
0.201023334989409
0.386711525608795
0.175671631911273
0.006767185592198
0.193719218941047
0.533169028561665
-0.365220734755950
-0.037864183965514
0.332072343105568
0.074969715166632
-0.220158746397478
0.585570932582934
-0.343569250444559
0.396898331466811
0.257562391111116
-0.147553972143389
-0.229434273299160
0.353514008709400
0.444264442307406
0.469626960577645
0.235939554280836
-0.111229228435604
-0.348123623111066
-0.082232599484381
0.582934585382216
-0.092754644375533
-0.122981259418956
-0.170154091310708
0.398532714023802
0.000565077487201
0.139514844990918
0.345360095590397
-0.252504428999400
-0.376138488526514
-0.462955234946195
-0.104365918036899
-0.375374098871517
0.223854590115936
0.134971008174525
0.068619353557647
0.360148882904684
-0.110037136274434
-0.535749575418196
-0.242508155745951
0.151020928589153
0.192578889345916
-0.606674597279609
0.207598778373904
-0.345756049580822
-0.558574909453965
-0.074544655067038
-0.301959025067218
0.193003509194936
-0.442603649461032
-0.137440741255237
0.055035269379548
0.562360876739166
0.097016708523276
0.026519979650541
0.041805124029128
0.155011781436034
0.414662799061065
0.570348939761858
0.245976051776123
0.281657516869200
0.095575659082947
0.071897759259679
-0.193501085576271
0.625283181882116
-0.340691459886912
-0.157872972411398
0.044046641521556
-0.332843037299814
0.378677728356018
-0.290476222633635
-0.011531761176567
0.363891768881276
0.030402974703613
-0.177796933193009
-0.527725334612697
0.403604483252967
0.524320182907067
0.053722754561955
-0.132759605745379
-0.311210222279814
0.265207788045556
0.402835682613715
-0.277996466288426
-0.187019127705868
0.031502050354728
0.177044968064040
-0.316825547550125
0.341727034852046
-0.396006637687912
-0.400713296267017
0.089454308910555
0.232588204008749
-0.835464965113255
0.137006683281523
-0.091458530729664
-0.068983315939828
0.183944838399380
0.085858620276032
-0.193018138520386
0.081147876172695
0.210195681122170
0.044903988046270
0.311107284054462
0.310127468724373
-0.373041955522195
0.083323982412564
-0.380017722813126
-0.140029926721798
0.004278461548997
-0.355603870217912
-0.401341721273555
0.044547574216579
0.000812680057079
-0.604245791052087
-0.086430624235944
0.265009230585890
-0.124569070194861
0.024918906273454
0.014257386294296
-0.165015958686598
-0.039756969138937
-0.404365802353188
-0.304588758094258
0.686279494298904
0.132127961531669
-0.353715342365159
0.327153955573041
0.134001117743609
-0.169618671589359
-0.470130978529596
-0.488051030858478
-0.039446999957562
-0.219103202690279
0.305231400552819
0.493409780651609
0.282046009483247
-0.259156173170091
-0.124980705077918
0.084581107604703
-0.608012166192054
0.126473502900993
-0.350674535010890
-0.176288590478446
-0.558547315315330
-0.103389627699344
0.019101698051064
0.181366051584273
-0.213686916970548
-0.309245909370676
-0.160331527074711
-0.166503514941006
0.273642611404353
0.510385737351746
0.107844543146162
0.244460348243134
0.000032252473232
-0.284095844692703
-0.009283223494096
0.008803586764774
-0.009767767786611
-0.060751534254081
0.018297238407430
0.037999539841545
-0.001636069453843
-0.218065076717248
0.200198122305560
-0.391993996677068
0.080488377642726
0.067677820293535
0.205959332366966
-0.078476655713740
0.086732761037688
0.045143801011415
0.161064717317694
0.104533152602836
0.158617888167696
0.145548689095754
-0.068020447117846
0.041386791359845
0.222347696677073
-0.169338466063239
-0.265475683388847
-0.006644180881370
0.029196206372538
0.376340420486957
-0.395645460795233
0.323765274138669
-0.078008208552037
0.096100027174893
-0.261205645098781
-0.304843517057944
0.038954276264727
0.020456220787449
-0.088065988302081
-0.247864806561635
0.058974246103907
0.013809487829781
0.483286838182913
-0.291022270307752
-0.041922603738897
-0.083689569406078
-0.067680491273092
0.403567531119341
0.297221055495021
0.070696578090806
0.131888437871198
0.058411893801169
0.444673869391853
-0.238679278251105
-0.032814732579644
0.100176346986679
-0.572448652319559
0.210077343632627
0.429883786107332
0.066967571609383
-0.663341811194970
-0.317828636207714
-0.060065175289708
-0.148585060840568
0.180890500963914
-0.098017204949818
0.174840162980560
-0.354703355115819
0.112148296429522
0.022316905169360
0.472701654379883
-0.100827311011970
0.195367060395281
-0.122411969476431
0.002589842827922
0.098749439338587
0.383293183527979
0.158263964594119
-0.050745690464281
0.043813517562962
0.716672856110723
-0.539374843544774
0.060506125916243
0.381088672396391
-0.134356519094889
-0.493303122652411
0.052077695259458
0.178753611930885
0.338920041075310
0.386902719555155
0.241691276916299
0.030445985773571
-0.092251564727959
0.447735018089405
-0.133489911042414
0.024853840035782
-0.300433535346828
-0.103399368640487
-0.231117132722880
0.355653705755675
0.012857277934189
0.428977708384289
-0.131647938418795
-0.051413401882104
-0.220741386614775
-0.108722046649857
-0.301371656082271
-0.296661476273395
-0.047867492361665
-0.210288395564826
0.080499807384095
0.337924037331544
0.055876430128514
0.535135791334429
-0.139341872005654
-0.098803038708535
-0.579795991868326
-0.223792996001347
0.208446389277077
0.312235243624733
-0.079032799746746
0.093035451588314
-0.321615326643083
0.170153870319220
0.485010656462468
-0.396536660008055
0.169134399199298
-0.214779114781106
-0.044213398876262
-0.177887870751250
0.193129456481374
-0.221568859726640
0.274696304585088
-0.357752516509302
-0.170635621636873
-0.018557218219467
-0.116730403810478
0.075357248596681
-0.015365857584237
-0.531849044839076
-0.190973875600600
0.270909139981916
0.103772945658477
-0.148791960026490
0.092782558198600
-0.691599007345161
-0.227182895028358
0.073101587518818
-0.276684761608838
-0.057338280635126
-0.440517490914870
0.111759979169087
-0.238507337746790
0.341898084062164
0.255432157297638
0.230891524028158
0.156642315813090
0.099694525105890
0.218935003586627
-0.004787809332105
-0.021242126540731
-0.058326443220153
-0.213225233748180
-0.699880234927035
-0.260704779870261
0.033912058010402
0.046006426985869
-0.113372369339343
-0.231476341399583
-0.276061124064925
-0.142911631421761
-0.327678638963548
-0.001896941620230
0.242231187599465
-0.055337148573712
0.577883767198661
-0.346017437729249
-0.012382905719747
0.053990836181840
0.079295559065600
-0.067370386718505
-0.173466603519883
-0.599472178811926
0.073171222609624
0.031965432996696
0.460880928414628
0.032460338766821
-0.055492180742736
0.077308416204956
0.038797553036203
-0.295350688799039
0.260528878785305
-0.545860225853923
-0.488735371048665
-0.153477729917466
-0.089680211718476
-0.451252394272898
-0.334846650613065
0.306684032166935
0.369110345627783
-0.096495904704835
0.209712281832290
0.326990129758654
-0.239951477700071
-0.100262433420243
-0.209559125088470
0.362878043724737
0.185158599028359
0.364638071540795
0.457220429878337
-0.017549947778516
-0.638453907389616
0.084316027127154
-0.169271491877731
-0.294618242254752
-0.091804547107308
-0.066388966724241
-0.118112508227548
0.162631212554397
-0.116542956683985
0.282196239019777
0.311361678181037
-0.402329526225593
-0.085011539374084
0.100124878156693
0.102063873152798
-0.234920346754090
-0.043662531743648
0.005001120249006
0.386760907686076
-0.016184839776650
0.507863388768771
-0.051986538041212
0.449290128046773
0.141206541971092
-0.128794259672995
0.088927348021406
-0.004741357149795
0.443026571158704
0.059983649070374
0.276631322169768
-0.537000726070376
-0.364298774313449
-0.474175339575094
-0.100730024387544
0.509783196769880
-0.178392178660790
0.172589682126125
0.175612634913047
