-0.271438286509882
0.161466282244899
-0.443432461619058
-0.651371210750486
0.072154811087478
0.523571176856747
0.248637506791991
-0.168079913267155
0.197389362439540
0.473119363627938
-0.005830356452375
0.388740971109073
-0.382959480173635
-0.153585528834741
0.336950524782950
0.084001072799127
0.128407997177147
0.037443820873802
0.147555353167968
-0.067474025333436
-0.533995493858298
0.294494348242948
0.192060189774022
0.622278102371058
0.300815732609345
-0.118642609108360
0.361914341195609
-0.320920322759637
0.009750491657957
0.445234969877630
-0.457445543184365
-0.082047095105008
-0.027706242338990
0.044224648315373
0.488401886010250
0.472326305400369
-0.126498168044103
-0.058319588880729
0.399454516505289
0.576148063897294
0.256178871308180
0.338348613705501
-0.419289922107107
0.238620365439100
0.246854988154491
-0.236054483867969
0.026809933385107
0.390053594686328
0.293844129441428
-0.641850634005710
-0.110939330683220
-0.037670355814908
0.345065044139114
-0.071794641379484
0.081812781243643
-0.253348839193289
-0.071972435574185
-0.571208895222422
-0.047777508560688
-0.017283042583891
-0.166237860733665
0.043760324831711
-0.040854387726230
0.027390644774025
0.493098866605693
0.058076894056044
0.163635423349754
-0.082620742821718
-0.174543788122015
-0.081306009083226
0.026180159688729
-0.681896125702889
-0.084289768631379
0.247050373599237
0.176796996935026
-0.060756828851797
0.211823876568334
-0.103100941920161
-0.145512618342791
0.254435843012127
0.535102985697304
0.071221609430365
-0.304751198386493
-0.063997994867856
-0.326657943007945
0.155683607053071
0.142706067561442
-0.303588842769224
0.370333161361154
-0.347376828810871
0.429403984341063
-0.109220384739387
-0.126974604520216
0.523974575291168
0.153580329416871
-0.043714089642085
0.080789100170685
-0.319520270839001
-0.225421337344284
0.079197923211380
0.009554373576400
-0.049444999389589
-0.244280455155820
-0.208162827553406
-0.173677785591505
-0.226998688645059
0.202236120571736
-0.330953356110611
-0.535943442316641
0.124351880533171
0.069944682001522
-0.324934459597165
0.475850344884855
-0.227761168884375
0.171253325857752
-0.450174849587578
-0.365129011667928
-0.097132850991936
0.086743790620876
-0.063371494735932
0.166625346594340
-0.093222713083159
0.662049759417958
-0.039354721184765
0.078055448835405
-0.125876379430095
0.300647648970877
0.016450573158033
-0.039426919073145
0.290547627968337
-0.265276052328020
0.260856963126995
-0.086177851123716
-0.099027121237494
-0.086401210635038
0.272184509344173
0.064596264994202
-0.163629212770071
-0.316097079596629
-0.101267619081449
-0.153915061480381
-0.142339193944934
-0.028379294934248
0.262879563526051
0.051789862856842
0.355902176447838
-0.416492788618119
-0.260923924292177
0.496135365605849
-0.041865381709120
0.348897772198911
0.199657355956909
-0.217706789501463
-0.288898900532815
0.423746531769195
-0.131361426731858
-0.164132551912820
0.251246860215042
-0.131984717242822
-0.085087319922321
-0.320919221041657
0.370444272675146
-0.034781999860750
-0.243163927878000
0.095050185784537
0.333204217205738
0.268684194683998
-0.304818898166428
0.366841338381183
0.014352619650418
-0.488393406239040
-0.139161026894138
-0.122253892647422
0.027514793982514
0.334785077606779
-0.005182280679480
0.003891616331367
-0.403635015691921
0.508727720986622
0.237805082974632
-0.343628060166342
-0.523593679470171
-0.204964314472813
-0.395829470268847
0.255596650978338
0.070782607327392
-0.146035744439134
-0.140674970324396
-0.439077781612805
-0.045284546343048
-0.090115199677487
0.212207154313137
-0.097618567653618
-0.260093993406805
-0.351492358562648
-0.167414206257612
0.380700997941082
-0.464252103264725
-0.198903534931040
-0.265805286533596
0.090637449991071
-0.305949484356097
0.125082090640054
0.412141546864027
-0.607627334869598
-0.013825943217752
-0.174582952424603
-0.275677568229175
-0.431265937668474
-0.195033534278048
-0.058123113676234
0.078470806738051
-0.089779539126753
0.154924397022360
-0.149149986409753
-0.296838215529673
-0.168505182983375
0.278574572730278
-0.316061200840909
-0.208619151764356
0.370147145990643
0.051375494177106
-0.151209363415257
-0.414352206378176
0.405249230483711
-0.401852455976286
-0.139162771126413
-0.042590025669221
0.186624043628492
0.298351607632102
0.462432001394543
0.196229315039028
0.204820717731535
0.233028662400907
-0.153442525513196
0.101333758703690
0.169182928497853
0.014218960937561
-0.065424548599952
0.029919699221887
-0.247843780555369
-0.334052416351782
-0.040234503478502
-0.098083931553255
0.127262366031549
-0.141021656993960
-0.194366553247878
-0.230021984523889
-0.687722396900367
0.056902537013238
0.148266636800154
-0.218353195302217
0.000002777281520
-0.000004793876061
0.000005692891498
0.000002803882369
-0.000005605079502
0.000001373955359
-0.662269060144956
0.129080852315990
-0.166072867262991
-0.032283094966002
0.102695994282333
0.039236048349838
-0.355914306356109
0.189716671108637
-0.438486435208649
0.508337014536787
0.272168076645530
-0.062058739219587
-0.029690989147397
0.336575632945440
0.182051059967054
-0.036236011251909
-0.097269294433463
-0.139991956007766
0.049193630015624
0.302683640123499
-0.091745585901827
0.150063623707236
0.029085962032168
-0.580786532035203
-0.142578602088852
0.066930185315832
0.312273979532239
0.073826871474186
0.389013012028653
-0.201382661961497
0.291126486700297
0.365292184408981
-0.067747602994995
-0.218351918839596
-0.023033472401111
0.194905843862954
0.516128682275515
0.257783171151995
-0.342661133372900
0.180223352896807
-0.018732983000268
-0.121027206560611
0.185246057219557
0.042451517307687
0.264286875530933
-0.041163512988314
0.395970353135331
0.315086820135975
-0.224110199102302
0.482325993452248
0.217902381079942
-0.429467111142780
0.011777325960370
-0.283115010576778
0.237991836213093
-0.121534745127395
0.061969463610832
-0.716941730455662
0.357856019965363
0.064760038982355
0.224872702045102
0.104526296776914
-0.120613092917433
-0.568736305673768
0.157281391539972
-0.198529379295625
-0.036673496096538
0.593633792378382
-0.117775511148174
0.023461326381455
0.484488836083149
0.488381671033463
-0.075415349344821
0.216819597333057
-0.492922452062757
-0.254396446528093
0.339989288172766
-0.223003802537596
0.013181831567208
0.253732132204508
-0.494701296851421
0.009868101767092
-0.362512451086628
0.240650989329363
0.080886562394342
0.468000591050106
-0.141203863876260
0.128604588685547
0.430944404629551
-0.199387663466022
-0.563696346483926
0.441480875837469
0.279277137260212
0.335294638601714
0.132333093997685
-0.333417961151719
0.173760744913012
0.222729268948627
0.097567408937705
0.314065689441236
0.569757771276705
-0.390245625208253
-0.005364717207318
-0.250444788986179
0.167293661760854
0.072122108883516
0.303471820957649
0.347106017812263
0.567871435844689
0.243766285927422
0.140485972171675
0.015794704959847
-0.151014983108344
-0.434774895449974
0.293387505072809
0.444672808130474
-0.211370872805851
0.390265037349440
-0.097148505823682
0.107316884813944
-0.089644327661833
0.462836779377932
0.350640908200376
-0.413927378806809
0.211134814819626
0.351899706322122
-0.470832209827022
0.408239252418286
-0.185960090844345
0.269625691660791
-0.240165953103021
0.563000109360659
0.221213164146764
0.314250724401546
0.131184283645146
-0.285163313201985
-0.726631734688772
-0.041907909810499
0.122827358651712
0.450496504910891
-0.105153816120315
0.059833379305385
-0.216150332138697
-0.319075096329710
-0.204316116191425
-0.056282117168595
0.577416360985353
0.059631360564545
0.285586265652893
-0.217471138197554
-0.229256808986122
0.623467943422931
-0.206619122244742
0.198853971104360
0.310914481570977
-0.157748084461928
0.140383886228898
0.258507609533860
0.546240673581613
-0.485951581088464
-0.182777775808589
-0.005179156730192
-0.389546624610462
0.293247973859961
0.095467475552206
-0.172628623622599
-0.528470560030078
0.188911846175663
0.215738622810659
-0.023795002776751
-0.137369982677921
0.482552257865161
0.331612746558583
0.028231377905995
-0.043091759930862
0.346924374502610
-0.062277977724285
0.430599496968252
-0.116572411360914
0.116795668010294
-0.204827466770003
0.194182164051722
-0.549234070860571
0.162445949079488
-0.438194024466658
-0.333421268140328
-0.367810560368707
-0.024374302878981
0.073050776572341
-0.148380542324372
-0.287901405503577
-0.405789273503244
-0.540362411120075
-0.080016201371165
0.235739487645913
0.002707098557317
-0.359948658892137
-0.344849120317782
-0.334836284750325
0.065278647103244
-0.336894560409064
0.125997502454986
0.051576711835944
0.227336833378059
0.021376989154260
0.794973553336905
-0.257495849610064
-0.274206510584075
-0.268544858444836
-0.044652736560805
-0.706803755738503
0.060649833996809
-0.183260138784986
0.271959309070200
0.011544009557094
-0.002804743315323
0.244974274893371
-0.019003567903755
-0.377246005875878
-0.373485489925492
-0.168178154119226
-0.296803087146085
-0.084268930996196
0.279911549320272
0.326782262242065
0.418659902683895
0.381217972299260
-0.121297028186270
0.457186533019342
0.612251402153294
0.264715740787535
-0.257653517595718
0.322077451149672
-0.328818050147336
0.617309716939534
0.403848089569097
-0.117857508317313
-0.229740797426526
-0.027341239147427
0.409971971502378
-0.225061441601234
0.396639572674043
-0.021940854161286
-0.205693904679760
0.267073538780795
0.203359682541261