-0.357052651472516
0.656948086733248
-0.153096767458189
0.205624641548908
-0.461959522437279
0.371766162187560
-0.066395366806965
0.098563970969466
-0.153805560741404
0.025460419605588
0.651008606202446
-0.465713386324001
0.025755758892320
0.078312413355811
-0.543035416894661
-0.649877894991056
0.463740330077029
0.030590867682545
-0.295462812131491
0.423372544329242
-0.199445719955852
0.602133406855743
0.237556362278798
-0.353421472065919
-0.058954844735876
0.011890060164017
-0.616672581324387
0.206656436441903
0.111858776268190
-0.301003528141841
0.235021209412065
0.509170736822167
-0.624627575353164
0.140594809816832
0.323890062343264
0.150947984119773
0.260541964981653
-0.146603100510693
-0.514039775667454
0.264285875362740
0.056033051350318
-0.454893277449740
-0.053780892817409
0.126468011964761
-0.679333527442612
-0.183160509121481
-0.456781651353474
-0.037111303568523
0.388586405159141
-0.084688495932885
-0.023988751160879
0.293544561998501
0.300719992891194
0.279530472637457
-0.086673437030281
0.234397866555769
-0.237354550197847
0.229454603666311
-0.097285401471327
-0.011350809632154
0.466977338938182
0.180264748979536
-0.172729974363740
0.563053725051248
-0.044720071395593
0.452649939750973
0.519799126277477
0.415394826774026
-0.097654510454289
-0.459814727997728
-0.019377670819050
-0.124200893601213
0.171285675971503
-0.129407156374555
-0.328512471843925
-0.209932234926914
-0.110396522581531
-0.262846019431153
0.080909289063513
0.145966426798918
-0.061193948840643
-0.437540326021675
-0.122994767612580
0.224534786667361
0.406806297619820
0.181517083175930
-0.019719698657305
0.179591833641691
0.508352002103020
-0.368306648888166
-0.011014482631372
0.258838220444403
0.008614029441656
-0.273997674736878
0.563852397836739
-0.344907021894812
0.443203822015759
0.272411091187058
-0.130198089499893
-0.213271902218628
0.304653191614094
0.458726855000914
0.415555875234973
0.299591840949984
-0.136810193593073
-0.325919357161127
-0.166889899146456
0.573004930544429
-0.020056065513629
-0.124318814608099
-0.143264652612413
0.449893738810793
0.028303133456440
0.169069224051921
0.337700207776306
-0.241452080003859
-0.371219912472045
-0.449103739733450
-0.147085831131299
-0.392502512615070
0.244031733244847
0.123256949918407
0.096774771069655
0.405671723200263
-0.123745365679245
-0.515885723852316
-0.233232161064822
0.168175865240114
0.135197671314716
-0.569809013333498
0.229113433976068
-0.328232060679896
-0.572437530208064
-0.070712459643730
-0.252955871012465
0.268953759778482
-0.410377641025483
-0.172234730213568
0.038653578494762
0.623673434037108
0.115288246183514
0.105499594699146
0.098927256346036
0.117937896970866
0.414825936508871
0.545840868723446
0.263360847488507
0.313052850715529
0.175612138020476
0.076232799792422
-0.222535614482656
0.594915224059729
-0.317699520103775
-0.213166726036714
0.076924517272603
-0.395052252755586
0.356184569929091
-0.297619427257485
-0.009369650258400
0.357397849438743
0.041025759035047
-0.201809514305533
-0.578816320800386
0.376798917330304
0.471498133651018
-0.002175494600648
-0.153825050739466
-0.261645656999993
0.302261227111365
0.357812604623324
-0.181576886030629
-0.018866398727021
0.069186115313619
0.174039335920466
-0.323099207987968
0.295376872971890
-0.394992357225512
-0.371174776819226
0.105474757528451
0.277649159656035
-0.843277402586765
0.139045323612946
-0.091278878034522
0.005404951713450
0.212417167383811
0.055570080724924
-0.219729538332815
0.061134986208003
0.143655127171329
0.026579966770197
0.345949719674250
0.322084547037201
-0.365119019791406
0.064572872224439
-0.372989839525911
-0.176944784250768
0.016281814434331
-0.389041823795447
-0.441232424984859
0.118903405257512
-0.042548246723099
-0.632485837891534
-0.042641705651875
0.224355434642533
-0.111472577070429
0.092511511430113
0.008747442360720
-0.155583198750408
-0.044146964946160
-0.345517888422835
-0.340229601504510
0.663803630670894
0.082577419206573
-0.331090566679396
0.365358063928394
0.165669788470736
-0.205671277152821
-0.464907786230257
-0.483432325316083
0.004162057567319
-0.256039075098781
0.313415358812785
0.512955649281836
0.277596571330810
-0.233814157753884
-0.131257576645879
0.071254091532994
-0.615754282831302
0.131360450865168
-0.353373004059259
-0.160478094949226
-0.493708914108220
-0.124282990888218
0.031951231295451
0.249407749474122
-0.158809881743831
-0.197069145004271
-0.207149766560660
-0.190788208008057
0.313836332662345
0.510928933225305
0.073291999231137
0.244791424480401
0.042017329752024
-0.291219348849506
-0.061450866318739
0.132103332202526
-0.299557651186390
-0.595803183377109
0.010039013500722
0.125207350113112
0.127194432855318
-0.018551244689605
-0.029636144262670
-0.127545754555071
-0.011853668268575
0.077215766163471
-0.001633722930132
-0.147053325624019
0.256167984930637
-0.415811551567863
0.154329563715808
0.084227677182112
0.172665493144468
-0.051662680544770
0.023563324202869
0.062150509585359
0.133668240159098
0.134646680256636
0.130001130345621
0.172433354907057
-0.053681873870122
0.067745261677192
0.186489716947671
-0.054536476615405
-0.273527604755865
-0.011314877875623
0.070341919282274
0.304681953651902
-0.386334957886876
0.470269731958115
-0.044272590358561
0.072961492922296
-0.209645302875237
-0.270924668059855
0.037304676130946
0.080734839587483
-0.131564264304627
-0.261598474956627
0.034636591101354
-0.002867819061251
0.480121418145183
-0.236482553930634
-0.101939439878987
-0.053361637333941
-0.133549213716456
0.368350341459596
0.286026444806149
0.126728195687966
0.147678449528031
0.065407171553214
0.416995869659102
-0.251342412708346
0.006125805437027
0.146203812665990
-0.569003561415790
0.208394753800074
0.401203397354699
0.048408301182501
-0.752222819746946
-0.202925658281277
-0.072191212656217
-0.087959880644008
0.106000467879559
-0.097237488527145
0.243522879826915
-0.321873471173305
0.065921906075155
0.054285301178875
0.492943956244459
-0.103014716475924
0.233207629025220
-0.080783770787142
0.054992517912497
0.113164214536448
0.328327132126549
0.201209952133625
-0.038257856658916
0.012849133176299
0.746946143801210
-0.604389836875327
0.070400202027455
0.354614589667372
-0.083161193156818
-0.450312974335486
0.075665977600979
0.171539613611839
0.322733633875564
0.393592144639754
0.287229951839047
0.034506487310379
-0.051547930648564
0.472481080396715
-0.091810679773734
-0.080074895120393
-0.321573720445041
-0.160478875187274
-0.231515574211259
0.420125981490513
0.057330231013157
0.324580584753464
-0.111655875463086
-0.003688643005814
-0.257014466092672
-0.058670390920527
-0.323348633142534
-0.287569674741319
-0.016690879692774
-0.240424863290170
0.087493580195931
0.312554475241428
0.029588027972045
0.513074243006119
-0.132905525240661
-0.010354521727501
-0.593503121127048
-0.218726656964978
0.207218209090955
0.323760875463122
-0.077617326772047
0.033872195200233
-0.331202339957149
0.209071828476309
0.441472317740189
-0.389271684379261
0.175527531990944
-0.216937769360860
-0.043094631102589
-0.218542103734834
0.203202696295274
-0.168212182438704
0.320729243368790
-0.382328805904890
-0.218494337501902
-0.039131838316087
-0.072908477801062
0.116383444426144
-0.023593089719985
-0.473521162071297
-0.296220586865167
0.199984544615584
0.093840209262488
-0.142349956905431
0.099989537747654
-0.628009363572045
-0.296585355643916
0.077169600465419
-0.229763394292789
-0.127797982822001
-0.454802616850954
0.128796660751135
-0.165687697775200
0.385895965798488
0.170826803540065
0.165574793864118
0.119599006420993
0.133596376943920
0.224794694511867
-0.008429144623342
-0.038001767444856
-0.033083661146979
-0.196121842944313
-0.722663676965623
-0.225848935877647
-0.019515233759564
0.155528711024653
-0.181728896692423
-0.265235276188664
-0.269554230104546
-0.089183927374004
-0.329845539575729
0.011978373714763
0.210359213019356
0.031913350248556
0.641566943668377
-0.382605031288698
0.028683365173470
-0.006026605669761
0.071182996592943
-0.049263218069043
-0.113789934109576
-0.636439045775348
0.095756552204695
0.009793249890594
0.441935869211685
0.071616562593174
-0.002267861756087
0.057209033853441
-0.020286388951628
-0.217773413158442
0.202064255886052
-0.569367020008257
-0.496339637132158
-0.209809174829666
-0.123602502057895
-0.399207564506583
-0.326475168750927
0.340758128184449
0.370388160121644
-0.077039894765706
0.135396122443564
0.349079142618579
-0.010113149673904
-0.123449845615624
-0.275541160466727
0.325146326657350
0.234586229441048
0.428054295401941
0.459124422378374
-0.046264752111015
-0.618092304847078
-0.012896934520900
-0.219024692124852
-0.260371019563101
-0.069886466264145
-0.028368061927133
-0.133519046748806
0.164178215467406
-0.191729964705641
0.222552003942764
0.334892644577479
-0.379683020807901
-0.035408279383574
0.013962281336955
0.050966960176776
-0.237600979329238
-0.059611392230780
-0.018582937906205
0.372272830764206
-0.046376617803065
0.517230733287445
-0.050154074336758
0.524798847598300
0.074332270726008
-0.120312359661597
0.080286080287889
0.019803783813353
0.355089755789676
0.036528049220275
0.294503199807814
-0.589478364440298
-0.365926821249622
-0.461903421686264
-0.122254341891156
0.490053226828439
-0.216483453788123
0.212563980419727
0.151013577833486
-0.013231644596194
0.589254939849959
-0.340259329261158
0.148607067179851
0.045810050718718
0.136091553677603
