0.410955010428113
-0.376500418555032
0.308751739286470
0.495144221252741
0.332279467258753
-0.151980220306654
0.619655073452004
0.220537397913218
0.267613870222317
0.334795104033161
-0.001971531568886
0.149550651371654
0.301943871654334
0.004003791391490
0.668066642608831
0.207480854756328
-0.535175459783949
0.072456834121318
0.024801965505658
0.186104097628422
0.621916247104908
-0.179403268411526
-0.185291364071044
-0.383482294815877
-0.105363680739505
0.243339584661723
0.392801359348431
0.671107471043285
-0.063112589671541
-0.053880203345427
0.132323263481141
0.579755960557250
0.328593906311126
0.472992206158028
0.075031865260096
-0.058064680706783
0.315300468631696
0.015137037242969
0.553918163272027
-0.465642032788298
0.171631458341410
0.309821423915114
-0.225709929014346
0.370723525810991
-0.103828764255226
0.662423828665773
-0.089237642291243
0.305158568883087
0.236281570972336
-0.236194417972867
0.656438091969600
0.294938653629991
0.254649738421162
0.393260966800871
-0.379437017678352
-0.031595865680931
0.379250749588767
0.564535165515016
0.493113596964060
-0.200756293842818
-0.484190570652983
0.054667198646643
-0.398812613903924
-0.010251052184588
-0.138681878274257
0.581481064802831
0.097835823549470
-0.590528879222646
-0.223120941034650
0.153546495830691
0.679992517499627
0.072942680026845
0.587738012718889
-0.242463104617391
-0.325968378913682
0.030775636973004
-0.213880952172829
0.016468655047241
0.583638286391442
0.246399136872368
-0.017268096444243
-0.236624196423162
0.062662880301799
-0.302852810838026
0.175914035214092
0.808520676749115
-0.216791227775785
0.131434447020914
-0.013884189219482
-0.180550742348860
-0.289187175310630
-0.093412308917782
-0.047432974697764
0.407805225730978
0.516846378473263
0.563883124280038
0.793572611589246
-0.078697859314402
-0.106509009056900
-0.008809144657576
0.323751058786422
0.357809227145716
0.173455864914895
-0.011590889471087
-0.008291334001130
0.633793535268082
-0.352699866212378
-0.341625346252006
0.014877623411998
-0.464063035510310
0.167637661366954
0.634750452092367
-0.137850461063111
-0.180642361860237
-0.228008553347368
-0.433473421281940
0.537346901183183
-0.215349097809532
-0.108760656495198
-0.291846377785119
-0.215663780051901
0.207300046191352
0.355778955473258
-0.008885484191794
0.249233873338309
0.647020358152378
0.587140024287554
0.147881166727785
-0.317544440649399
-0.273983920766086
0.094564337425687
-0.328518592037050
0.332782970166559
-0.187788565373935
0.019364001644401
-0.210583654647085
-0.142978491947017
0.683880988374835
-0.157538694450399
0.373231594109565
0.165143337428754
-0.085544301819379
-0.097944029034774
0.738149859100134
0.231019286186209
0.279876568965449
-0.118576461062014
-0.116117674856760
0.807240718797826
0.105732125719670
0.078717265814710
0.025045723297553
0.305691201082080
-0.046098494996236
0.757659617172578
-0.352353293735123
-0.098978802407293
-0.236848718530653
0.136693750923700
-0.148923567331503
-0.381096352429144
0.615463132372519
-0.392090525443510
0.640772647205719
-0.007756440746396
0.036476747495272
0.465000572961334
0.025959364182803
0.558488283264929
-0.059573306208188
0.318466192215467
-0.311154152015633
0.425851902479232
-0.054557090650049
0.115482646337255
-0.047430008182027
-0.180503848871953
0.685336475854554
-0.368743453586421
0.319471940137805
-0.173816677295241
-0.341585068158403
0.104022313410525
0.611538306490152
-0.133380710675833
-0.015538030556016
0.244961638585225
0.341026330106484
-0.000017295103725
0.433608794870225
0.536810667729587
-0.053601291902205
-0.126243961039858
0.561741840067155
0.047157221843690
-0.263072282080563
0.050203083755416
-0.036032188175020
0.764450746167374
0.156539465866815
-0.018632334664925
0.207012526991505
-0.321306269760483
-0.140427678180757
-0.252537041377223
-0.247011695214198
0.739812611969284
0.152941317239479
-0.055992893434795
0.080819895029068
0.366913448802075
0.411653379503080
-0.068507817976419
0.236178720281705
-0.211376416074920
0.648480470517342
-0.151173719193876
0.001057744089214
-0.501644420738230
0.594544403798182
0.053359811144279
-0.115456845958056
-0.268245165071222
-0.002480720297097
0.582373514967934
-0.140870712482590
-0.318251863986587
0.228792599856665
-0.096752835802251
0.569237750003637
-0.319905669400165
0.281233106613688
-0.191141134810063
-0.164924435771194
0.096350354805449
-0.569706598125110
-0.060556756656682
0.395000125041290
-0.098965663839167
0.623008263298725
0.190467481216512
0.501364762678675
0.647854967290664
-0.009175622386391
0.072650296400222
-0.179580918656859
-0.308377045297877
-0.232607670058160
0.251156182234185
-0.222031561725716
0.571931015769577
0.300386094577232
-0.117928592253908
0.150292020069564
-0.299919084620403
-0.290386506943739
0.051069071221706
0.521781348235988
0.054155128483917
-0.165189397696761
-0.137831975748193
0.004863780222970
-0.045835543650484
-0.404991140819549
0.000581490188958
-0.055965695838119
0.330850998367050
-0.440485203010204
-0.134804785249587
-0.191107802105032
-0.179198497607918
0.109613368140240
0.002216515501341
0.079852858464460
0.277609006511203
0.014642880179618
0.303407781356428
-0.259052319561457
0.003185024568855
0.333611207270900
-0.020621013456769
-0.305772827331959
0.248473789196554
-0.301077520214497
0.005828208717168
-0.002541321884808
0.314680632346150
0.258202820724818
0.044999767831912
-0.002065565159542
-0.186957187843785
0.157562549258206
-0.241472656158808
-0.430766147099632
-0.166648966417292
-0.275980225127235
-0.003323499447252
0.160360915446942
0.348244619446352
-0.018000877171732
-0.366457402059060
0.349437377526598
-0.003992909847999
-0.000564809603045
-0.052822213754304
0.041764678590354
0.027161880088585
0.174671762447930
-0.000202310319734
0.057126362152415
-0.218696544378297
0.261998335537779
-0.138494528678401
0.234345772177711
0.093903720354796
0.003554571707707
-0.153700428524836
-0.049809807021816
0.293660609908031
0.007351808977837
-0.363891609462571
-0.165052648846640
0.009428814733193
0.004746128375610
0.160974213504347
0.236039083695922
0.011971440634718
0.133796330692393
-0.001203498179221
0.030991723871884
-0.000028821063071
0.477090834869279
0.416729155113730
-0.023355831842584
0.127273551697741
0.156633211704543
0.001106305450478
-0.263706266448758
-0.281731389539971
-0.195368545606847
0.483899882824862
-0.159610140592703
0.025896553410738
0.005072496579900
0.358539598252065
-0.012280936322532
0.241121076978378
-0.175347014606992
0.009941994669385
-0.362232727625158
-0.062721244895621
0.056643882854056
-0.124559281988565
-0.005165383942676
-0.002630997277960
-0.107668480874883
-0.031101325360550
0.051596406030523
-0.005008193494031
0.323312864671087
-0.214962290751993
0.202926997879023
0.294847510480847
0.006308106914005
-0.049036299450473
-0.387483021029057
0.299854040791100
0.400558591976278
-0.047951038990790
0.000221822396003
0.043777939770553
0.217264194472927
0.057344707233592
0.149801670913881
-0.000329820976335
0.116222543957593
0.449289114062614
0.294780130434776
0.297492046350051
0.142938772208937
0.037217689570656
-0.292360358818357
0.327515531636362
0.006794911508733
0.005273632716750
-0.041459527990757
0.185537968272466
-0.398960045975832
-0.343653093334553
0.164898770089443
0.348711874326455
0.241630732480057
0.155494090955280
-0.211686038797578
-0.268625538558506
-0.000020321084480
-0.129106255187342
-0.132669979402708
0.024907084847295
0.141002632129572
-0.438233573743582
-0.003289568812119
-0.049611023141795
-0.053594771029535
0.323295213046480
0.187852493601980
-0.002232349918756
-0.181084656752817
0.207552896712398
-0.182346210499386
-0.325603524637653
-0.054394111393617
-0.005054068840924
0.118629336200377
-0.249136926751063
-0.279694517521380
-0.059722838682004
-0.409397591982992
0.240267715481318
-0.003627854004881
0.386020041818492
-0.004624865571930
0.092015281260377
0.024445293604854
-0.055220728189263
0.237147047783990
-0.002186756912679
0.505921365551443
-0.114106327808076
-0.090951630317176
0.107652481399358
-0.114608890908101
0.233893472685632
-0.138159059261569
-0.354847172831851
-0.002369660559703
-0.209882613530996
-0.018586231051552
-0.520801412360408
-0.373222360373148
-0.154837135325046
0.006057878823734
0.109016124550414
-0.062056622181601
-0.443365510220040
-0.077526125103291
-0.117712040680042
-0.301007947687853
-0.004802683624556
0.193832939505717
0.229565066418102
0.001022629207246
-0.477541406391165
0.401028108712901
0.347368394471027
-0.176135641711977
0.002253405206473
0.230534898693027
-0.332831868753114
0.048512764582065
-0.242131332554947
-0.006473759095005
0.084705586973246
-0.135537833209664
0.001641937559610
-0.364275637646337
0.029157244410474
-0.368421411600242
-0.058073857783938
-0.027936017323540
-0.030779765972341
0.063794118151892
0.401322997260716
-0.002274120219116
-0.045742908269489
0.003259489949829
0.204975985961334
0.000246153626759
0.558302398126513
-0.004223864952821
0.415231818354819
-0.294018376735076
-0.003783677961357
0.018133226111299
-0.064855717133794
0.389860158525998
0.100192167572009
-0.003473155690261
-0.391276648258555
-0.151176264671191
0.214051112663098
0.435454339370067
-0.083400643080453
0.111592580053549
0.174235379614191
0.154757244415974
0.186570861065308
-0.000503257517369
0.245885803450189
0.275567113806218
-0.006492279029935
-0.053878554909091
0.015711089029770
0.339763066719615
-0.374386840691526
0.357171712572051
-0.119689084373607
-0.195567072494278
0.008457963364967
0.026500985283201
-0.445353702937283
0.282914952985992
-0.282009622827619
0.314325461864464
0.239231343652638
-0.020571806506341
