0.55619958764261434
-0.40348134084832582
0.31832867434510559
0.24941867504221857
0.28871916083830934
0.11134916806574598
0.47010635342820549
0.1801776269463419
0.28545148575401224
0.47705285818236413
-0.10229375474527863
0.24303159725613074
0.18113675194210888
-0.09365533355584832
0.53941676289244201
0.30393104468195448
-0.56402330374989274
-0.18117898485493511
-0.022628450745660977
0.21161288802539545
0.30324511951745672
-0.021450532588081465
0.0625417420572927
-0.40627302251912253
-0.027620846965610663
-0.049657797096194754
0.40467269095183109
0.6296281624836477
-0.023929958460053585
0.16355688992446185
0.10163457734548796
0.44783432467314405
0.31911755211784126
0.36908298458327738
0.02877337207348633
-0.15401995604223684
0.24617780459305308
0.12451958214831667
0.51361052722303596
-0.33361016390133643
-0.096614744124583391
0.11503272523668917
-0.19119414748695796
0.22552511501342926
-0.014299742521384412
0.77231183852883058
-0.081975432108991945
0.25508275308361447
0.27356975478397626
-0.089649250111932291
0.48914848041593747
-0.0023611616296743105
0.22698015209577506
0.20551473024980734
0.30489884796500501
0.20763000917132236
0.28838831713664005
0.47247778546308374
0.47279264309880627
-0.30430739225914717
-0.48809705554890533
0.067072135864086976
-0.63204933332026905
0.056508401193638052
-0.2680727937996601
0.25869802511800811
-0.080279048137148242
-0.65757176433622854
-0.2073820452420792
-0.054810259362584739
0.58371788445919636
-0.11008156676222151
0.45009138869559751
-0.2451803600335466
-0.14191671512592983
0.085849487419219527
-0.2301336500678037
-0.089426419967044123
0.43179948419909516
0.17276432930067238
0.025023392268852006
0.01414329743108306
0.077405074518867554
-0.42795533181925706
0.3573891271516905
0.77470496378000382
-0.064288904970486454
0.045800583166908524
0.12230373801382316
-0.081061911293950982
-0.35452446452817472
-0.19992667411250323
-0.15046404491003735
0.29944638760939119
0.28096099678002191
0.66844187559025405
0.2740102346644723
0.28883682032218563
-0.12045238413435375
0.28263594064052846
0.67921182529874584
0.39273435853788531
-0.078355482832705818
0.29144989432314785
-0.16677551651232526
0.45879581052771977
-0.29526834990998093
-0.42286470927222567
-0.28126489203352724
-0.43731444011439077
0.018612881728522609
0.5111927709574762
-0.40780725634079381
-0.17774648049519149
0.044857481904743551
0.14502314193131695
0.055203440528345299
-0.50798669531353575
-0.45142152136985138
0.41662140581797043
-0.10425583694917042
0.21519635071232546
-0.15868034143119498
0.015779610394604285
0.42131976731556998
0.21666774211150367
0.2369939297336891
0.16305613232586125
-0.47114646900081514
-0.12538199185170099
-0.14268166005571686
-0.048484396770713041
0.26178576500944753
-0.3013988773501197
-0.1767840682879968
0.12141224052476406
-0.1239975773768358
0.6116957000494135
0.22171723762498494
0.025827411667935823
-0.013724638191025386
-0.2046248226597259
-0.16440642622841298
0.26520892432656101
-0.37788462507019062
-0.069089321758543447
0.23350661064126747
0.045868559823130582
0.3739966107558897
0.19275384134637636
-0.01816269806135006
0.11246912653468483
0.33536393158501173
-0.15542603162264785
0.7581198488780056
-0.11131531533596024
-0.26981637718654266
0.052252132067630441
0.30400199696245966
0.12564097208245225
-0.087083193167763485
0.67799406509093328
-0.62289909299925513
0.04535027535111463
0.065262971248050302
0.091894225228007284
-0.063997516385072988
-0.57105682616749783
0.30600814500917795
-0.13349909099162374
0.31041173459085364
-0.44029717077009989
-0.23002113215507383
-0.037571211747346283
0.088576984858798213
0.082077324502546389
-0.3444743752335322
0.32776830559854265
-0.42886481197784911
0.34818192799727011
0.0043587989586871238
-0.071264679005137591
0.002865131865589445
0.24561475054674506
-0.1360163191406051
-0.14284661233438538
-0.16986662115519196
0.22401981931608377
0.070745300883972141
0.15992252568205486
0.47742422574951425
-0.2705943636532751
-0.084928109049920915
0.62108691839506124
-0.0085881369837643022
-0.3692464634706668
-0.01837628421166735
-0.27145347994402291
0.18099155065933939
0.18551542399138366
-0.16889679818014023
0.51013310180506834
-0.23120775290227758
-0.41137315457091085
-0.21077494356893573
0.17084184987766061
0.56922336675607805
-0.0059703029342592643
-0.0028894404403209336
-0.18699409000441079
0.44187007100645084
0.34588249019828429
0.11916095394744814
0.28888178738587852
-0.24700687389957889
0.39225851806125619
0.29136892416816004
-0.035334549981889066
-0.67761592831102107
0.58214233830423061
-0.017244027596207958
0.11718469394610157
0.1323824128758166
0.072305397507476087
0.17195615188233085
0.22422306022303021
-0.13823154242593886
0.37236626689742242
-0.32755610855505573
0.54867912212046765
0.15108442323219054
0.44991447627575159
-0.097859653380484038
-0.023367297391739438
0.030249746683140557
-0.57508000964282404
-0.088903492858092601
0.26793786507578583
-0.096498639362128994
0.43006159730545264
0.10838135026594556
0.42897670168990778
0.67298884312399868
-0.0016147840209387089
0.034412784347282421
-0.066075727584954922
-0.052936220556219009
-0.11088536296424889
0.28275168540145086
-0.16725270544873711
0.67036692482512974
0.44427282690603089
-0.11847412557044168
-0.15438182967759818
-0.0099052579501620842
-0.055181733615931766
0.18546207361925658
0.25877360184472855
0.41602955663087137
-0.018386840724898819
-0.2672455573307686
0.065201871781145254
0.13924016922453711
-0.0081639594796604
0.084353957718465681
-0.045205731995433268
0.30277410983901747
-0.5014159597291724
-0.073263118540287148
0.101631344989302
-0.11849615498502279
0.26296530233421573
-0.024798878602415524
-0.09438509879303847
0.11094527682724999
-0.34511019279822464
0.19983937590946164
-0.19054284775183856
0.37624724087435526
0.60192991317112558
-0.31638205172283686
-0.11445265558810835
-0.091129429114940203
-0.30799203321701656
0.13991250730309135
-0.021737389241253783
0.50374713048578913
-0.17967532499640961
-0.077774041011400286
0.033448308808803846
-0.34942809828862492
0.41192780586901734
0.0033963075922012129
-0.47701454496660539
-0.04212322064133728
-0.18536959102767726
0.0029588191964636173
0.13917188352978908
0.67750544537747407
-0.10819178855047264
-0.43505902397496405
0.067397138460581713
-0.053840039334881157
-0.013097107281303179
-0.21161872958881356
0.049542710105082655
0.10287968365848028
-0.063806271891669871
0.34081852471085148
0.14432461103938251
-0.14753468089514068
0.64084762978597716
-0.11783708887512325
0.094474463681101438
-0.10094929400538446
-0.016187365188696631
0.27501329732770348
0.36399369770755587
0.27798639990614722
-0.056698618145598389
-0.16754250982445374
-0.055565981383144567
0.25232139287121104
0.20119645823256919
0.3036325931015919
0.095333041767884887
0.11386924611687379
0.066437139555633822
0.17852869500210053
0.10846620612144173
-0.11061965579477319
0.3896921478400991
0.65643696366360508
0.11993177565371242
0.079294072648092828
0.18209315336692131
0.097024206543442366
-0.35055736343800177
0.085775963677984627
-0.39574603837553781
0.48225676011388626
-0.25473513719875314
0.069109039693478125
0.13586109038551609
0.42891196747876818
0.11843802571860065
0.15193632940545097
-0.0057663809217525018
-0.15331800103125582
-0.27862085630201367
-0.23529071921095052
0.073102984084240918
0.16506333971502172
0.084810803903093357
0.21614860306477441
0.10830526145649729
-0.035719270821988076
0.26457803831299012
-0.0034477215980361562
-0.042323882409697938
-0.15546303758004533
0.13554819182596948
0.47652535390138216
0.12531341038642855
-0.16295567724207276
-0.30452465104987877
0.45451424374160984
-0.0019199980401240448
0.13755867523909258
-0.20515712250456581
0.035654003783617524
-0.034801676519640829
-0.22021591878508196
0.21580302013555664
-0.25122440370279889
-0.12343065594731487
-0.011503327507208728
0.40614807354590922
0.3712958310612496
0.24556943174007151
0.22309098505969719
-0.63008742256109067
-0.13853127770157429
0.16971135755698792
-0.073653996740465466
-0.56703734974298558
0.41285776667406654
0.11906633402840568
-0.053695107990595792
-0.37732000177253561
0.46196601451750125
0.20359786262329202
-0.067256680094792875
-0.2210385462191933
-0.27576566809036993
0.14419941228447574
-0.57546621663903685
-0.20322540939293204
0.44788144450944084
-0.019867468536718363
-0.38324552362807829
0.30069571253707539
-0.19636393839572142
-0.006123092926901836
0.42916445320893227
0.58094639513951475
0.19584157296593905
0.14192270204462152
0.33950760666610704
-0.34836568680005372
0.012402827087562191
-0.055049664995027889
-0.15072603119825604
0.027038683953820983
0.28193604136104571
0.18385946473074632
0.11158364576528029
-0.26108311955188023
0.36710285277705117
0.14259905476135043
0.15923811911414311
0.29382946582333673
-0.15460936849993095
-0.31951501731073482
-0.16317276732238555
0.052181404046277618
0.12910038968346579
0.44132585001089814
-0.51862676255954754
0.022184279543182768
-0.10280219324943829
-0.22919223067006967
0.0070898826555898227
-0.52712223709597074
0.017168944506619318
-0.048354092464138182
-0.26466701296093016
0.32183451233727263
-0.80076106874666918
-0.19405831033428838
0.094973005222166921
-0.29596845562195693
0.30409078284465816
0.16642301018145419
-0.43949065024988353
0.11885247241692589
0.42909085868034601
0.050147724287318443
-0.42409113827397575
0.124338827830814
0.36051006002697705
-0.21059922652124646
-0.21835364495743214
0.22384377191742335
0.31029635057246551
-0.16795582261752292
0.00015648493118875119
0.53366377873008865
-0.2429650085171522
-0.073182720490963501
-0.12019418375084419
0.24030788124607525
0.09817448943349096
-0.29232996602605413
0.19822613488639752
-0.16076075235038915
-0.045425372768215777
-0.63644704194558738
-0.025038740562261239
0.32430162156843708
-0.24858231243366265
0.10274060592989067
0.43031481649742517
0.096264545960721765
0.012718893129599594
0.04435632637173011
-0.034178964672972541
-0.23454287436961726
0.057644512080418206
-0.20035532692757764
0.26915022790210854
-0.60809169789158516
-0.16033738426948475
0.22733384106615925
-0.16296298051193828
-0.43985712222480822
0.28602258574700356
0.001427662797549617
-0.19886230321688814
0.16881645575287352
0.32390008568215994
0.31861999433068849
0.14732454152453853
0.19893716003104656
0.15071530918886609
0.49019290157778196
0.26371896348699948
-0.024001016957311523
0.51280453356898406
0.2272763764839482
0.12105482752213849
-0.091594880352764436
-0.027447339098400887
0.085705014842429029
-0.27841810695850889
0.19914490191355944
0.14276808056625348
-0.20849952848300799
-0.14231720035084403
-0.17007572774272565
-0.57452677317571404
0.56251423103415038
-0.21393090222269911
0.2334840688755417
0.33267635957581174
0.012998532078558699
