0.174183375951677
-0.108752385006866
-0.482054474952224
0.570023942857811
0.591448420292032
-0.224070673620733
-0.032245111178714
0.554802809800033
0.262194321128450
-0.097614370272992
-0.132122536293625
0.053810743607745
0.199166662133844
-0.047472655753190
0.135500051662720
-0.085400160433663
-0.483288673956422
0.002962277063564
0.066849815639698
0.562645997237986
-0.011932840013919
0.551305661859912
0.108889640655037
-0.009877926340322
0.138130515335488
-0.452130472469139
0.209850996654910
-0.160991001400680
-0.060358846379971
-0.428934014000948
-0.311016428684678
-0.456554535725445
0.236768466560213
0.015599139342415
0.066657343290292
0.036845745582238
0.258578757116024
-0.404642180076524
0.151943341840948
0.044144924988501
0.040243213677120
-0.086783489111875
0.497325940640381
0.164382982410564
-0.182563394900728
0.456143249121901
-0.140510126020472
-0.273599766708977
-0.019374387930344
-0.086166577531811
-0.007876706107687
0.127321167832852
0.176682605922227
-0.197419782099306
0.032198558594067
-0.755729222480821
-0.088200909972179
0.042291634933372
-0.117596297012390
0.166484757235399
0.469660873177741
0.234324236007852
0.385665956157787
0.321971083911536
-0.132390572785883
-0.371923145057195
0.113851933100894
-0.361932259845804
0.003787291707406
0.389929092289385
0.199840797912493
-0.203375064659438
0.247651112851705
-0.097494465611482
0.057838179712112
-0.001590646589259
0.320944631707711
0.369494191079293
0.310737664928695
0.004930989518637
-0.000359637501778
-0.326908396007564
-0.351861072588582
-0.360863502672014
0.606835134460516
0.271314548278958
-0.045968830180131
-0.053066600522696
-0.139387187025577
-0.371778448459171
0.278693061358527
-0.216552279398738
-0.014333633504408
-0.479358715977549
-0.185566776185747
0.576967364196441
-0.336399344605394
-0.385532243593792
0.097523954292609
0.008835942327852
-0.193263151853193
0.293529025931008
-0.016708451808948
0.272777453759155
-0.122694826145103
-0.195822444835660
0.085863749130963
0.419296844581107
-0.072428868638488
-0.125816245653456
0.145014206744613
-0.473252921977245
-0.306465342299644
-0.343725459319339
-0.022777392778206
0.378963656490722
0.002966202945287
0.514479973287565
-0.555245039151301
-0.196288830008799
0.069108863669644
0.083416249684915
-0.347784726355186
-0.225612649571078
0.276020923518372
0.190887445491184
-0.440773315004228
0.291814175047934
0.113246019335620
0.070574332431223
-0.100625157951626
-0.111684763452769
-0.093164742856588
-0.150129164651610
-0.257343733090061
-0.088790629535232
0.223557623002229
-0.302680329377819
0.247012250633009
-0.334798918179379
-0.245739449978898
0.203949226662529
-0.455199594149061
0.057245306173000
0.127114518116519
-0.171835500887979
-0.474673269326928
0.073425769194119
0.002832364151713
0.237967079771540
0.402587961418392
0.343681411012052
-0.135596811780369
-0.002511447796510
-0.221836192204555
0.212115760698124
0.174059111317475
0.247416116615235
-0.017656471827091
-0.302826255364997
-0.424005954433030
-0.165399749190802
0.476662629870534
-0.424725570840261
0.250209402942150
0.342281383966796
0.208732923987636
-0.342006540292058
0.364963443010052
-0.613339945325831
-0.330608702632844
0.039752664461323
0.214887037838746
0.337546354268478
-0.039784833427914
-0.036106887774311
-0.325754676564698
-0.003831537688083
0.323628312208078
-0.126201042451779
-0.028993081627754
-0.072279253104649
-0.001259622506513
0.186233839759290
-0.314980684379140
-0.215049793874537
0.465659558352650
-0.225224896334808
0.137539331159698
-0.426340285951706
-0.187637010374443
0.071086316287909
0.138017833181848
-0.141700576478472
0.026084536493957
0.012954727002791
0.124413067923118
-0.322580025999132
-0.325581875061673
-0.109791075722601
-0.426123242134689
0.344521653822937
0.028024693602640
0.005522310931389
-0.048086094104930
0.377889516677924
-0.322141068624275
0.047241904442285
0.091238358277254
0.428970351891817
0.651680626044324
-0.063299668165809
-0.352382804154957
0.243538407065283
0.045216684863837
0.104734378236045
0.102932597243980
-0.329660835852361
-0.191450492709418
0.395536157603982
-0.325405055961939
-0.473984157512375
0.415268244868469
0.500525404094262
-0.451167024409263
0.162037801578755
-0.004589665103843
0.031896673957361
0.131422627676107
-0.023264788510243
-0.043983282997582
-0.186128973703083
0.420826076123407
-0.089339488340576
-0.006596468642596
-0.410210095910894
0.012083657176965
0.468700916170145
-0.299188100484396
0.164765708862745
0.212679240124612
-0.578285547824051
0.409551462251819
-0.161942982380830
-0.101582331054729
0.477040510948290
0.439212423568391
-0.132683661852655
-0.120671634452796
0.130554835993355
-0.483829524039593
0.456560991832159
-0.282381269037961
-0.140018074433275
0.263731888530887
-0.200040376449560
-0.189210338418779
0.195534810019255
-0.206194961591211
0.019316744914491
-0.093257620898152
0.038595921006756
-0.611118295253223
0.457328101288956
0.009877669606616
-0.009701207134738
0.007327311513213
-0.011455998845228
0.010944632443580
-0.003736474591034
-0.130903657150988
0.265529748613809
0.268196703665768
0.370089083295189
0.506684263307858
0.198145270025001
-0.517639781189095
0.123325439372743
-0.290080405483036
-0.294676960057763
0.466427184780561
0.164782403748607
0.018738900060318
-0.050492657263322
-0.237228376488323
0.261786800014237
-0.484635789975652
0.018536347789209
0.658035878592698
0.001919876969509
0.250869111753961
0.005055913714398
0.098244308302679
-0.115269915907072
0.013042605820248
0.361416705727533
-0.393816964924541
-0.021518509521105
0.311617514301200
0.499270286147746
-0.328261758780367
0.245967380732221
0.636705502813249
-0.063322462548111
0.135500222736332
0.373089281687974
0.343200157651800
-0.010649293044083
-0.102474242338950
-0.221846787299469
0.312384235110791
0.338302417589586
-0.709327473437371
-0.220691120775505
-0.101446738345901
-0.060334721189220
-0.559892904104883
-0.162708633454252
-0.583875840047686
0.098409480260715
-0.084997388036507
-0.000077072933254
0.045054927783973
-0.129894641604358
-0.141771366437197
-0.239899867555156
-0.221646039377390
0.400595784669513
0.156720768679256
-0.066608579197012
0.215556542873802
0.659688734853028
-0.248652147499070
-0.110686379801817
-0.232842781288438
-0.112858312007159
-0.236689461139229
0.105701624230072
-0.642801136487143
-0.391314252738019
0.136547616335060
-0.184727975832044
0.073634246286789
-0.262258510433030
0.035679049972671
0.173572245357261
0.555623983772416
0.358050302924794
-0.200063278040404
0.210684184201962
0.247053309206811
-0.198266951475945
0.327683146335609
-0.321601972426434
-0.101427279119161
0.101173666943185
-0.247534214134751
0.057505179707703
0.106007381012112
0.426353711032474
-0.073592989511403
0.262329920326598
0.260385935947444
0.620370126059104
0.077002793503343
0.268847847816858
0.053876189906704
-0.185701919928545
-0.338667421873034
-0.487364996043571
-0.490365272486624
0.242206939274167
-0.468415361241949
0.077154273253910
-0.084219085788153
-0.173958346316218
0.007213979299703
-0.509005452715738
-0.159978713094271
-0.087549511610484
0.275352332638527
0.023466414017329
0.336731516376769
-0.146038140398076
-0.082981765395531
-0.437929260609928
-0.600458920221865
0.162698804836273
0.101906704076273
0.328192078912505
-0.310289673976285
0.150155967746205
-0.158958611709819
-0.726154768264853
0.043000456021936
-0.083156133705293
0.042268444610914
0.217850424586630
0.284706026910658
-0.618658614934166
0.097396266076426
-0.480157405463322
0.025002978898760
0.444278441204555
-0.341954208424308
0.333436757679484
0.268608693975560
0.127105891742001
-0.098088271681896
0.417089496889121
0.151410344826715
0.082964878940637
-0.241593839169236
0.628658290442563
-0.313791430869699
-0.377384349942417
-0.326518237528534
-0.033348245408488
0.297448954554803
-0.412459296243070
-0.334907440113202
-0.089975458085561
-0.552105354935828
0.143261795656152
-0.404002057746899
0.022684100941840
-0.064196487333615
-0.147438386840727
0.026379947497992
-0.418289643016026
0.101248874290976
-0.200820815503833
0.267622728685275
0.084440411679924
-0.080354092266072
-0.163641588143870
0.309550002948975
0.108677347966664
0.741808364879023
0.052671580697887
-0.104332438443503
-0.437873870630716
-0.075701054660501
0.094431470039750
0.148056991604563
0.029242540366750
-0.761460330531441
-0.436310098187198
-0.114615996886234
0.087693062810506
0.370575332487432
-0.196888620567157
-0.372469253808522
-0.303167978156726
0.128023524841678
-0.261467982431303
0.203237236537558
0.365183319318350
-0.351518798202874
-0.305475656043295
0.654089052141382
-0.145291949639045
-0.191187670021707
0.264119353131225
-0.568851640195769
0.273522733121731
-0.275322971348167
0.018136289769876
0.293922379583619
-0.403356813830599
-0.108759950438248
-0.370179138274206
0.396942912035453
0.032070128686935
0.123175370978583
0.022345156721228
-0.521024605170249
0.064171669927423
-0.289048566406144
0.001372768684228
-0.207751055694437
0.001652640901315
-0.260962824207815
0.104506324040111
-0.103489592534262
-0.473477077661334
-0.087263034339764
-0.180608154985387
0.033481080390978
0.471247006567033
0.176340209859039
0.227278402856432
0.409325286685680
0.213125998811581
-0.226486969117061
0.085344019395424
0.018123923006999
-0.699037825079289
0.203205866357566
0.274972523533906
0.179480167144150
-0.508654963080112
-0.006459293209687
0.295481141162326
0.245702395040194
0.092810706920283
0.314061160705659
0.031453666475417
-0.141062347790689
-0.001729492483861
0.017983093730911
-0.149225612944861
0.331144260119499
0.043339896717983
0.420432466447214
0.066725819464715
-0.358178528306761
-0.504006008966383
-0.515048114499693
-0.244932762291444
-0.007011523613982
-0.097061771184796
-0.186793949756744
0.338737746701243
-0.350852027976143
-0.187042131658673
-0.125910763860666
-0.201838161585633
