0.169529587179309
-0.097174958103848
-0.479948750063293
0.572158743485821
0.595099983253658
-0.223509118556871
-0.035862384450847
0.561581379374241
0.254240899138039
-0.110802488729159
-0.117783278018670
0.054381446085970
0.198942915364057
-0.041079986447522
0.126926087871539
-0.086183312891652
-0.486236154347298
-0.002598836264607
0.073464134845591
0.560503757271224
-0.004538046142474
0.549354056483607
0.089153550236723
-0.005090089331117
0.135222500167880
-0.454192693794996
0.203822974808048
-0.163717633715902
-0.064779248275750
-0.430001650191428
-0.316813722540080
-0.453586018456328
0.234667097751832
0.016485473992758
0.065612630475030
0.032727463963155
0.258057007459448
-0.400401190453153
0.146475505650167
0.040828013511738
0.049641655211480
-0.088584498660946
0.487864279580952
0.160376092623937
-0.182263774222922
0.466272349441900
-0.130079783198835
-0.274697012058631
-0.023487391866160
-0.087203209998688
-0.007053615354760
0.129524828888150
0.180715525954587
-0.202296020087955
0.024875919801881
-0.751572210638835
-0.082929253928839
0.029858304060114
-0.107859777126306
0.173383992109954
0.471323279089732
0.238105745041243
0.380053852968918
0.325868071132662
-0.130915241483693
-0.373802890201765
0.117413957823461
-0.355659696190942
0.005117866385126
0.399255183558461
0.192512208921974
-0.200889883099945
0.245927649602192
-0.105329652250998
0.046902045383788
0.007779872202022
0.298523523031705
0.364740806528760
0.297562224554781
0.016139761737616
0.007224339774050
-0.319590280693900
-0.354275502281252
-0.363362004487958
0.609721895477813
0.272229520679171
-0.052898630718457
-0.058027888929571
-0.136904688901938
-0.374285132095923
0.276115689344449
-0.221163585989616
-0.011972114902523
-0.478227923059347
-0.179418041047332
0.579962424288729
-0.333007636594710
-0.377543012804692
0.095032799777013
0.002176919352382
-0.190447601895650
0.291378647739619
-0.016959114200574
0.271285411592231
-0.125067546186781
-0.207998788763513
0.102644882041404
0.423435616351005
-0.056121701554711
-0.134128085244716
0.140207094558301
-0.487183440620084
-0.298294534619182
-0.343829534516680
-0.013676394377608
0.378822280168642
0.008903361996411
0.513747898282928
-0.551410170575199
-0.188858460920786
0.082992942771146
0.086082947646003
-0.358073893264909
-0.226265588557145
0.275273434188668
0.176288546470363
-0.451803355072357
0.286184759731087
0.118272003048575
0.081772178137510
-0.105403152706675
-0.112369467974991
-0.087573110114384
-0.154443287349056
-0.253161795004451
-0.079978798018457
0.215992786517445
-0.301665328416944
0.245378600679909
-0.346601310806037
-0.243890754380270
0.211194557686040
-0.448001526092140
0.059862252859473
0.128793151173307
-0.171488539336198
-0.474219718693884
0.073826609491268
0.000630957491333
0.238772438768983
0.398385035422837
0.341891376223957
-0.135861801097886
0.003448639326972
-0.228207483106537
0.216560339265394
0.168086918582197
0.241312260893569
-0.016881082609890
-0.291439005472780
-0.429983924272622
-0.167174185211245
0.475515796403602
-0.425246298525707
0.258476030150287
0.344290551213772
0.218634561245548
-0.346798890095273
0.373404237189908
-0.617385198355710
-0.331348486967534
0.040589473317067
0.211097574783103
0.327171784641518
-0.033887757339239
-0.041598101776349
-0.324166574942380
0.006952491564499
0.338154121345409
-0.129480213924014
-0.029687079535439
-0.080457469454361
-0.001514431154044
0.189323425808116
-0.313105605786132
-0.204700140841934
0.453543752962649
-0.197880688812398
0.129990286603216
-0.449536161904720
-0.196979830244255
0.065584461536531
0.136136926361151
-0.147407307441080
0.019781626330420
-0.004258455815477
0.118578987021661
-0.326369405593720
-0.332406204073339
-0.098655552974396
-0.422958894440188
0.338329723810879
0.033290963260333
0.001385645280119
-0.054999353648152
0.376271610677062
-0.322825097610080
0.047326833919483
0.097830438225320
0.424677959972993
0.660256046517335
-0.067744945380444
-0.349780142303826
0.240406190254151
0.048196975103466
0.107432619892832
0.102684632180961
-0.327937428950398
-0.198736136465508
0.386186077968341
-0.312325017148015
-0.468102239389603
0.412239056281467
0.502523580672926
-0.455992573647723
0.170517114340682
-0.013578480194820
0.029402729620981
0.131590913191734
-0.024285824387558
-0.043559559054260
-0.186318482219844
0.422880757270502
-0.088486478050971
-0.001009905345165
-0.403009439682074
0.000763018270388
0.463698784308249
-0.303135263031243
0.149355578683232
0.217434735497939
-0.579758581889953
0.399626290142315
-0.152299739807946
-0.117334588166620
0.473294333084477
0.442229172661409
-0.141372944183094
-0.109347409515975
0.132856036266690
-0.490198791743583
0.453989048041800
-0.290494250445974
-0.141249799016623
0.269764505374555
-0.202540191451468
-0.183589102240639
0.191071599153685
-0.203443839113255
0.028681798122540
-0.095342936387177
0.026747866583723
-0.615309871170075
0.449745052083802
0.000001244413974
0.000001714771206
-0.000001231461769
-0.000000779387100
-0.000000517859911
-0.000000531247840
-0.138855458609053
0.280508629794118
0.250920897984670
0.360831554087643
0.516216231811860
0.178853403456656
-0.520276110028344
0.126067598676862
-0.286039855313729
-0.293737251036086
0.463120479142523
0.172054597190764
0.027451604903595
-0.044891559428492
-0.238063805399145
0.268463203914006
-0.487395536114527
0.039795760682101
0.660140614876148
0.002728686000416
0.246665577917988
0.001036608863370
0.098712496410809
-0.107687592397552
0.012973899498031
0.365227388644298
-0.390240047757932
-0.027208611522094
0.315626846412101
0.496955722575611
-0.335870691160179
0.245244661783520
0.634786571600728
-0.063861620182774
0.140712864867670
0.373985943769105
0.342194758739942
0.002768055105867
-0.101055082786691
-0.232702467716071
0.311299563426728
0.338945226369373
-0.707138524079907
-0.227337115129413
-0.093405629496967
-0.054398353427622
-0.557655104192713
-0.164455656253848
-0.591052769047321
0.094276842235738
-0.087155967472146
0.007489233209567
0.036973051322581
-0.133435844152089
-0.137400848749804
-0.241510976601919
-0.223609438787706
0.399168437573388
0.150316842167541
-0.067255987725675
0.217356666815445
0.663765188221462
-0.249719626096471
-0.098197791479903
-0.223807888101953
-0.113801312616740
-0.239691103095898
0.118123204143873
-0.649124211513828
-0.396154253934648
0.143954445016020
-0.183260863553219
0.074296781691016
-0.262160705639438
0.045061302878985
0.171845920979438
0.549558570761487
0.378996837143668
-0.194892679026454
0.198794701007567
0.239704529484168
-0.194939031490915
0.333603886120092
-0.323850294879835
-0.094829200607226
0.100380391513550
-0.250905519735261
0.058413994025330
0.105601990541879
0.425285685316115
-0.068147833343961
0.266776988097949
0.262167948795173
0.622440864494723
0.088362310058072
0.276717835418985
0.046024726690858
-0.186221910426259
-0.339528722556652
-0.480091355102786
-0.485092899228210
0.243922271852859
-0.466031305562136
0.073436829258160
-0.087766310608599
-0.169990593587699
0.013516368759791
-0.505267586461492
-0.153740391258975
-0.085280210375825
0.294054922421394
0.029276941183466
0.340021606853707
-0.136824036505505
-0.095511628084623
-0.435255627500427
-0.606042621627367
0.165586910657804
0.108072744934408
0.307375044541863
-0.293122254358872
0.153062243278901
-0.156381236848030
-0.726202992231659
0.044604617206316
-0.079976112237366
0.046150322921468
0.220005834967069
0.293218659741852
-0.627472530483139
0.090635255420139
-0.471051734331566
0.020601872043870
0.447065755550698
-0.345151966345878
0.328807869145154
0.264645359937850
0.117082396501626
-0.092769405602029
0.417895885967056
0.150791194196377
0.078585741250629
-0.237623075264921
0.630900195434807
-0.316551987205601
-0.383386760544421
-0.325654548537360
-0.038006561887764
0.294645594950274
-0.406755839906129
-0.329556623980165
-0.095244160720585
-0.553485356540875
0.142329796657088
-0.413468386628091
0.014872663714565
-0.062154482834408
-0.141904434792352
0.028826173831577
-0.407168594882213
0.091334314666394
-0.201679724462572
0.266543483344736
0.080405996684319
-0.080086126361324
-0.158729608316668
0.311305132053116
0.101644430956012
0.732194761398085
0.051022053999458
-0.097311554089946
-0.444013276095780
-0.076001466218017
0.098841324416871
0.154700294273809
0.030313371862978
-0.760548046841091
-0.436108099923878
-0.118888394792877
0.096193624888870
0.383402585913730
-0.208384199889693
-0.369423667692294
-0.285044242820547
0.138873557182574
-0.256178136078143
0.199485473327728
0.358306202136139
-0.346890455069298
-0.309019032486742
0.658158974973486
-0.146879663614919
-0.191319349676526
0.264698907058942
-0.575816781986796
0.262757793671588
-0.278061280273190
0.026616829533435
0.289145935203039
-0.403144315941534
-0.114403828791372
-0.374767016641866
0.398074255350949
0.029737720363253
0.128801464753443
0.022293024114000
-0.510110451033884
0.058728609235022
-0.291011457010410
0.005512600943620
-0.215793834419242
0.009312665679958
-0.280501123431060
0.093193394630347
-0.094831002848013
-0.483319805646312
-0.082394026692589
-0.176129779198012
0.035646603484564
0.461071041514608
0.185183957195766
0.231331026419543
0.403891096694831
0.213293646525864
-0.233069579147700
0.083213912222290
0.016619981158810
-0.699056236154960
0.209929880061779
0.274223563345862
0.173409496180998
-0.511530213017160
0.001901266152762
0.312026290608203
0.241674291700006
0.100319604250618
0.327514182772495
0.028652971122692
-0.139188076681625
-0.000684885378172
0.017994632833775
-0.141315558393017
0.328022654583409
0.058548226573050
0.415921744714528
0.064241790566309
-0.362437068791561
-0.495134681290726
-0.515009684738219
-0.248216157147444
-0.004954083764862
-0.090901552888321
-0.195219507401258
0.340648470192904
-0.347280486051692
-0.182560965483412
-0.136193013253056
-0.201177956496665