0.11401678392661341
-0.030659508770503192
-0.56025637985068389
0.52220717200293188
0.52219123588109496
0.14313696833412307
0.071058410477445101
0.5811531832593444
0.09638023116917012
0.022092300302029307
-0.013847934942405738
-0.029736973202059689
0.071194912835485192
0.045651739700993196
0.056764666596314862
-0.087763965866408137
-0.46212361989885635
-0.0731205473150818
-0.076097189825667146
0.49220203757783592
-0.078181444972687535
0.40808720650391645
0.10135937137512068
0.075046670063666586
-0.071051827338625344
-0.40841370409683179
0.082662311922991833
0.0097385685596670495
-0.16979443752250516
0.011553046694280453
-0.41177675968605716
-0.65963899054803756
-0.043864836343338717
-0.3906537496934367
0.17369630488910429
0.062970629955798915
0.36793356813212576
-0.21650509116722161
0.090659583397016703
0.14107980364781904
-0.094114415903725147
0.044000349503971791
0.35095707371274506
0.28843033330614228
-0.24931810433413128
0.27828007073013751
-0.12920460561060519
-0.31859641579059274
0.22436345246585818
-0.015518742400536003
-0.32105143810773796
0.27994547707772122
0.034276428094812594
-0.38854046431848572
-0.046718719837876919
-0.73353815355749974
0.15166511677539626
0.23161641891033519
-0.1990071377206441
-0.21304872034983219
0.48238477470240832
-0.0619371417892019
0.39076750747473733
0.2599228982459342
0.17554332420634251
-0.38088114443754502
0.10414105363987524
-0.17154774283245429
-0.19956821433224985
-0.14679597918999253
0.063432174980384236
-0.32247646960680113
-0.0054137941579381529
-0.16360018398986768
0.049086025200332252
-0.10217506049416528
0.42786633491637957
0.29095049816926645
0.41131450419174361
0.054265019690501892
-0.046008430639526903
-0.2421097954856393
-0.19255333425453493
-0.37504896764860165
0.50045880792855902
0.083583068807043069
-0.10689027474896644
-0.16280045418042208
-0.024786029758562596
-0.33221322324320713
0.25919427881620945
-0.070063887177587814
0.031308215509163241
-0.33108403419793999
-0.22731267229553102
0.2945082922876844
-0.23430422679808436
-0.38753295105940722
-0.040618651679192209
-0.07652258847796649
-0.2967125032379604
-0.16210233786912926
-0.24343039537101487
0.2293220641938837
-0.34801882395985054
-0.036695803086547188
0.28298266500426147
0.5456212444838962
-0.34351236633991408
-0.2031227080149028
0.24438983480941153
-0.26755436002561314
-0.28932744481894121
-0.33805833983590775
-0.062982507122735051
0.27343922925200026
-0.21022726655176982
0.44135907909270233
-0.57027015695416949
0.22098279077921209
-0.093810755744364081
0.21719988825379116
-0.42328288562037908
-0.24344975834576915
0.24798621131646376
-0.013746305110976671
-0.45243831187289144
0.31366070176468471
0.2024329294396653
0.2375174029088251
-0.24559697495396889
-0.15205431012240293
-0.41053077475512171
-0.24328798555508734
-0.092000496236202401
-0.33475921164103826
0.30039084660483288
-0.033630151067728339
0.31168997289287884
-0.55707115687610181
-0.19980366091817075
0.3591906425847545
-0.19600515308844054
-0.12606793934804024
0.26337069024919515
0.18356177239676434
-0.085219063088940218
0.12075072101440068
-0.044011923354779883
0.14836282797633447
0.38421914848669742
0.29175698098343768
-0.04594566840505697
-0.11336907058158865
-0.072803935268739897
0.1221437023709019
0.27801960113105171
0.27170108879521008
0.060622997931746832
-0.11126895520449293
-0.55592509159424759
-0.26580041120660434
0.25298913890260294
-0.40497326806189798
-0.060202104551357111
0.12093214375263993
-0.14212488019039604
-0.44256052007634199
0.23439489121522034
-0.41991000620830238
-0.44100443186049516
-0.17656377718645019
0.12712114350957997
0.57071249688925893
-0.032445759022490297
-0.22273220584177002
-0.19564464731084565
-0.17792066831537464
0.40895152693648099
-0.13214740132717444
0.12257099242792448
0.084510757259617086
-0.03553590516224401
0.25790379407454445
-0.28573862950920615
-0.31364631488719198
0.56810092205875974
-0.32763413965947886
0.26452202665295255
-0.48673598450325729
-0.25980475807215337
0.10782001313892245
0.030852250773412732
-0.078155929892443376
-0.089441340752411787
0.030156025154380336
-0.052728157165807417
-0.10849379454896931
-0.35000495006757881
-0.43855272277451202
-0.36381764774969794
0.34904731569850456
-0.10526131108562556
0.19720602115887256
-0.39850934681749078
-0.099002393690396525
-0.085621817737293035
0.084182572792573726
-0.063870067953870402
0.28941592369016378
0.65116841793167931
-0.15096925112410008
-0.23129977786232033
0.022110653777435515
0.072313232845255659
0.05796850414103794
0.17397280405699613
-0.048856407692018771
-0.23096450083809055
0.24643242254474239
-0.48095962165442011
-0.24502465108526266
0.43495249318288344
0.38896005174096123
-0.6419110353500314
0.18225173597364129
0.073236319810593593
-0.29203986340676977
-0.091647919051221859
0.44255245720569605
-0.03527096870325225
-0.23305774516825665
0.3085639961153658
-0.19248477276394619
0.060604838099628155
-0.45515180887429097
0.069807148335904299
0.50924361428318461
-0.082956265273445195
-0.0096674046189063728
0.20392535170603702
-0.30909543244230932
0.53579508328289974
-0.16581916936946762
-0.16044623021556049
0.36943716412074331
0.3197821892688708
-0.28262344111539644
-0.04726197317349359
-0.064045743592494306
-0.5086799074311168
0.42600014957703488
-0.03350382981613494
-0.15038343550057186
0.10112886367387387
0.072572335507365131
-0.37988607249162052
0.45115365247430199
-0.0092442058820354006
0.3443368544728386
-0.14904151133605852
-0.013929873603498147
-0.37548725422611708
0.4048136792511627
0.16242025908820571
-0.047293852600474099
-0.2218661089839768
-0.067618143507839472
-0.076700651710630051
0.13417870412004113
0.098531314354570327
0.49766377749169217
0.076428621131936146
0.32867756930624565
0.50840673635242673
-0.12896923943424033
-0.52129091006773863
0.27053784527953872
-0.010219613109476446
-0.33420841147659302
0.55004007502295059
-0.06114639719014371
-0.20282124386403566
0.034023939142666169
-0.45774113690937346
0.29633505317308508
-0.45856718044841688
0.1160766301265705
0.84063836203753146
0.1120192751187853
0.20220663764801929
0.011414007914944472
-0.014966631714137473
0.17831260479408039
-0.049034626721204547
-0.15115283164995525
-0.24797522535801906
0.11012637231687607
0.32804884504185351
0.012608394317714404
-0.18393280294691528
0.38828190160151228
0.72544169579769516
-0.024965200704374885
0.10246592224767269
0.23843640297263727
0.48421042767487812
-0.37089484326462621
0.046144036321691509
-0.23592826927367587
0.25165489127593045
0.2066299261891777
-0.26469665398727522
-0.18208287383420374
-0.096211362665986984
0.0034787306328502204
-0.50154626432012884
-0.50179903661396464
-0.40110307489071534
-0.075097996910494402
0.21533149679459601
0.025871721300370395
0.20851301826795984
-0.20263021280535118
-0.20588871670265971
-0.22453457907753499
-0.19263758422013805
0.40591016176240953
0.16142232751983067
-0.21584311396282527
-0.17350953066663135
0.67175207343977124
-0.14489021802356038
-0.22131000792349227
-0.21930623809508763
-0.43693459529857573
-0.30466830503028315
0.24949999577877392
-0.63345917532962762
-0.21610686487765508
0.28449784745947633
0.093005073976492344
0.013417954389466749
0.1060455982265316
0.091221389834437873
0.28197382504147287
0.52991523150099802
0.45753338665154927
-0.26846104825649531
-0.17974597221088806
0.33094692304957069
-0.30782444855122743
0.21541371753711231
-0.48844711569156597
-0.066610876431045966
0.3644063410038947
-0.47368091513035051
0.28664131840384562
0.0088550682276369711
0.48483202559228769
0.033377061040652842
0.016097968493479595
0.33878207410861106
0.69141380430035561
0.20422712658897358
0.19284825037635456
0.17034652086720002
-0.38291264347610041
-0.15618884432722489
-0.3451243523132497
0.25952323485496156
-0.037543385260542943
-0.3704155525054855
0.12138472697568959
-0.46647331798975776
-0.29107999321448671
-0.22762355294897254
-0.073181603502184812
0.084924665837031773
0.19631633257437536
0.3999637065070104
-0.020713926159253496
0.27486273797581306
0.16287279201823645
-0.23407142152691185
-0.26802258111741512
-0.36236714816724653
0.18410894035744333
-0.1030805532870895
0.58433231625791394
-0.070688899696072856
0.11351538815942262
0.023575626058904489
-0.70169723997785609
0.020346676280398724
-0.069663945604454052
-0.28530932770544102
0.057601144860130429
0.17484942612305792
-0.59878822827681118
0.026257285617565235
-0.29300777573485596
0.065587847154963164
0.36082111542917875
-0.37891276806775163
0.18202010625755848
0.17950813964847633
0.16077157972883956
0.25029881978635829
0.19826631759178057
0.18952510741255805
-0.053779176865176742
-0.16078100314314332
0.82736196595978619
0.040792199674545325
-0.41028990646049729
-0.48591077920248626
-0.0088360426456705807
0.53075047903463573
-0.21020280556269883
-0.14609489707436142
-0.16553343955050125
-0.49435257860120542
0.17246549313756875
-0.33967661087246312
-0.12194699084023157
-0.0090318090938773277
-0.27764385906314359
-0.36681323229510276
-0.50924348545931019
0.18481850324741589
-0.18021802186535457
0.24131883308016134
0.15594254122815034
-0.04471783383566339
-0.14447701271144841
0.14096436730029554
0.27550917591512906
0.57192619598661317
0.12882646746193912
-0.25917738298365171
-0.47609919973792522
-0.23889502959196503
-0.0095250473175442368
0.21112232284211075
0.37383393892061668
-0.4925815427926243
-0.43253064028403577
-0.29719434573154602
0.16633785384676078
0.014462395286837154
-0.20970873129856583
-0.17927431199093819
-0.1642540399125369
-0.027542088409266565
-0.28256959510674163
0.43119772292691863
0.24083753996408723
-0.2426341591770962
-0.2960204253197912
0.76040775532358157
0.028738637176765976
-0.25996366160676437
-0.10065118278043389
-0.3983773305652526
0.25629517166957194
-0.090940828205275728
-0.26575715184512039
0.4534825462864695
-0.21190621367553522
-0.086062899712950127
0.37055862363016079
0.38652595457185956
-0.42948407403541916
-0.067870280738017052
-0.18800210253559756
-0.57162820199123485
-0.10752731898927485
-0.26701476895836977
0.20258573318219807
-0.012138316027432592
0.15105636322522969
0.082850772410491459
0.43338646360505232
0.14325833250081723
-0.56897921517667357
-0.19130099926523609
-0.027313821379308233
0.022831565346248342
0.27122918442186914
0.044869459957073798
0.10083728200766183
0.37769644925178138
0.11834563787908293
-0.028258936620424042
-0.20701652132916627
0.085553143979622594
-0.63268622117490206
0.16067146092507622
0.071658316726584329
0.18052658669991641
-0.60383467661399367
-0.023036977346458396
0.29883019751358346
0.10306158435680867
-0.0066284289643242802
0.33201846538045351
0.39712704327391526
-0.27822001045408114
0.1733699369544394
0.093232949623775299
-0.087164211900994391
0.079773640152897698
0.25939499604105465
0.53020809456767115
-0.015369157517989535
-0.033421884783379613
-0.15403241643570849
-0.62299409576302329
-0.43005946654845277
-0.12240895220526485
0.0039662517201534291
-0.23009713247391631
0.44187245854741327
-0.13474688979130213
-0.22286376888122448
-0.43104889451160396
-0.22858341057649046
