0.270581969798132
-0.132942530582419
-0.411521746607226
0.644193793200685
0.517284668130892
-0.202908782346656
-0.023601820644258
0.558076213103537
0.234554821944676
-0.070546426055071
-0.080252352785965
0.021348645827979
0.191565871119414
0.114411904783749
0.015577025439242
-0.098119816978555
-0.430770937614350
0.028234767525321
0.236621616597143
0.524924594934090
-0.001943964347288
0.561733043284830
0.048760379049329
0.102351539051771
0.078543795551744
-0.446618796971880
0.047986098904105
-0.051886712284355
-0.252804360819583
-0.314364824342065
-0.225296860067187
-0.370520734205280
0.234170497364904
0.172682986755824
-0.001893778589253
-0.063865648425418
0.212100043055946
-0.265223850433339
0.157024259146356
-0.082242214561465
-0.038692989708552
-0.200527811256461
0.417001255134642
0.199022538909606
-0.184948974250659
0.372545087000260
-0.076671461047092
-0.388251772008651
0.053632048223943
-0.297904568190887
0.015312213421878
0.067541758711027
0.228755281593199
-0.195410193512236
0.012513930272904
-0.703458322607506
-0.095948365992472
0.041796345875450
-0.150461369372021
0.159461681489087
0.425078472978999
0.170629334537456
0.413379068472894
0.307038070258581
-0.063692800960744
-0.405812051201623
0.083161166766463
-0.395897873460414
0.089586590209275
0.320436328608411
0.236616001468608
-0.065721783545395
0.354941366394105
-0.156515284595762
-0.188141522736110
0.313653495698040
0.202004731244423
0.391825042431106
0.350979817992572
-0.068684406377640
0.041759973101267
-0.268566694685883
-0.483662002637730
-0.369502183086890
0.614524961679629
0.439946217978535
0.138909441251701
0.103260431760833
-0.122034197832837
-0.201186093388983
0.346050898416709
-0.206973021374136
-0.059243403222559
-0.554737329066125
-0.244012566672778
0.415466033302926
-0.256853488452819
-0.373879734514513
0.120726598659623
0.137995444445286
-0.336096603614340
0.078089681123785
-0.186609127573459
0.339538268139127
-0.094624571310333
-0.192792439054705
0.015417931410065
0.406192254860702
-0.068770656135332
-0.190213290229772
0.169033575652236
-0.282879947082264
-0.408964388478735
-0.384779363443034
0.025136285759813
0.173720064907051
-0.074612659523461
0.519884064343599
-0.535796308589601
-0.314432751289504
0.130025765161486
0.070781240428669
-0.363084174610270
-0.153789373515788
0.336976519168510
0.205904209469432
-0.525005344935240
0.309710685977551
0.131318077700003
0.073732659618808
-0.063864591069653
-0.137066112028520
-0.024504950407430
0.055291004768120
-0.183509634545058
0.014705911061921
-0.080020174725865
-0.402332961507219
0.200808734172096
-0.392076994418794
-0.262409151662214
0.316883413597286
-0.400046236889531
-0.102806771541846
0.088709288379915
-0.316212888373245
-0.322076558467287
0.096513159610042
0.080275417467893
0.279090386822458
0.351565577735305
0.234210065210378
-0.198500984588501
0.073879841842621
-0.392670803308976
0.100301138022300
0.107426665322021
0.181848196822610
0.157893489931097
-0.268883810839032
-0.427491815482399
-0.127253055194943
0.404008037481021
-0.349257366763230
0.255551205776214
0.358454267369790
0.171058376910801
-0.285888179121440
0.291386496722533
-0.623539399245341
-0.345719031757876
-0.184599066492153
0.212992865538556
0.327686869701995
-0.085024098734459
-0.146206688020685
-0.408047524289605
-0.088089745018377
0.367574769536936
-0.249821694434600
-0.054154164440221
-0.098132667193777
0.000225923013081
0.073774998654330
-0.369196398296728
-0.282565812878162
0.547121617890302
-0.264734464169798
0.254767628877643
-0.224924377447056
-0.070279911807134
0.042532839149399
0.065931601409763
-0.280879392451762
0.084789178929544
-0.166812224007208
0.164905344049376
-0.112000219719003
-0.294262345725424
-0.014133452814756
-0.497149337703978
0.198421237645005
0.064023578826265
0.037609907173983
-0.200065869280569
0.338948538437851
-0.298375879649123
0.350086634557634
0.092387895628614
0.501128437360922
0.571605842377915
0.088239534740806
-0.275674696620667
0.160889905467146
0.075903373113500
0.065881261802605
-0.099297123897470
-0.323671832494102
-0.308027862493070
0.324122949068749
-0.093296863047593
-0.521087646611070
0.482105784643807
0.555838398202055
-0.365986383726397
0.231474303203075
0.087386201914914
-0.036152333812317
0.068090085393694
0.162992957082482
-0.145706862434183
-0.064108112016223
0.327376302348081
-0.075953942781425
0.092019127213642
-0.572964392981324
0.025058297124211
0.464674069405519
-0.147058000264783
0.189267375160130
0.224664382301830
-0.541844870860577
0.387052727878773
-0.208167950245236
-0.200721597362297
0.410810702292786
0.379332750241300
0.008215310384128
-0.198913026180507
0.178783124066257
-0.287106053852119
0.577546294595962
-0.060673896491350
-0.083894028693728
0.182464419562406
-0.272474122644123
-0.078504578532884
0.307518901680511
-0.219447273586938
0.102326501333205
-0.131547250154536
-0.231044800000035
-0.368993894910316
0.406173217052528
0.086812974699976
0.043317200299473
-0.150675411883594
0.323119652875343
-0.353128236585860
0.261752312133081
0.095375162077153
0.003562467946922
-0.038924848826134
-0.008448781797040
-0.067263003089981
-0.028293782763663
-0.061262968273853
0.265177457068262
0.362726307835564
0.300678245038219
0.569959793431072
0.014168426697851
-0.527185627211566
0.267332899377271
-0.173055285647449
-0.360044072661597
0.368333314932307
0.330666941807036
0.027298418474134
0.038911619974305
-0.228914899205617
0.125691143875576
-0.392616268274579
-0.339788214192866
0.690681799703851
0.072879290840291
0.285729679672046
-0.109864257665974
0.218668784331361
0.052459093249042
0.150815254814425
0.376140688718070
-0.422167438724918
-0.164355266073788
0.186720476137142
0.564702109401050
-0.559258658383623
0.205957033056962
0.625621456573929
-0.078704863279306
0.191031129664971
0.149207336171520
0.340069370254883
-0.126261025549262
-0.127717674371597
-0.294267707302834
0.291198285219032
0.370938422800590
-0.640545330391476
-0.069685366834943
0.055897738048149
0.158889257423218
-0.607858258130112
-0.007043448143884
-0.619614890386985
0.085552445067492
-0.135007173550146
0.052258245688110
0.180345067246923
-0.035299819016063
-0.128676815098942
-0.177036222372425
-0.287033938735058
0.473445520187555
0.022656459236708
-0.036702763906105
0.148067066830215
0.659980489435124
-0.280980686714798
-0.095046999632845
-0.248822979167016
-0.240712183299095
-0.239477581162760
0.115020419294770
-0.550233095609229
-0.184222604267844
0.208257578408327
-0.266019198032976
-0.080017542755991
-0.156108814908762
0.025855535476592
0.340732725756276
0.443192248596991
0.289488205562077
-0.233421613544907
0.125224428965259
0.217669465163057
-0.200586988841226
0.223905635293224
-0.368190141851339
-0.056375439716727
0.138372948453165
-0.348365498409955
0.179497222922796
0.055219647216263
0.339206803433774
-0.134213733248132
0.161614890237351
0.431284085389502
0.620079894592730
0.112763848448984
0.119206659101091
-0.030416620641155
-0.268569795076285
-0.257853640220361
-0.262732542035233
-0.376170620415476
0.537086653794101
-0.475905189441837
0.167352321851963
-0.029040194459722
-0.213312731263746
0.027288872064595
-0.483328223489270
-0.243008622131148
-0.057781814674180
0.351917489823745
0.074507889747287
0.339914618705060
0.008133613010962
-0.141501943470193
-0.422250716737814
-0.548581838067033
0.180023612980753
0.212157040431256
0.299954492059971
-0.337569441579575
0.106201719996654
-0.152137903955177
-0.651609280318430
-0.004273627360225
-0.099554698382168
0.205457507036748
0.189381907003970
0.136205376641878
-0.613370141196945
0.406023389554657
-0.395559351584723
0.103842396512414
0.406545657638402
-0.331769896539189
0.307467093167058
0.283848321124631
0.069511409284110
-0.174155854839781
0.451176637274067
0.178501161499736
0.199811368358356
-0.187654435333262
0.594864968496407
-0.127255302113733
-0.404729812546471
-0.299751088404452
0.084735916571799
0.486040346191553
-0.314911889533773
-0.454655604888747
-0.194526280070162
-0.479876403470230
0.077736513889899
-0.382108106722577
0.179822602912569
-0.121300422229743
-0.202984127440615
-0.128941166931872
-0.511912711085458
0.180847498687598
-0.206652566067325
0.302628048706876
0.008404047104496
-0.094232424370804
-0.220554744735902
0.262062631817302
0.045761177940912
0.612580329018829
0.213929428720431
-0.104155267754794
-0.354791267867011
-0.185506660570138
0.086321995463066
0.074002603688126
0.044725678245776
-0.774811365342945
-0.387715817003985
0.008156663333701
-0.087438984950745
0.431296020644041
-0.049251322575429
-0.367377282354454
-0.181275198560858
-0.048889646717147
-0.386870594715926
-0.021257204972361
0.281812893115594
-0.365708151514298
-0.130412923840498
0.773702515012715
-0.113006664234889
-0.141066436718704
0.336721861134259
-0.589395010755386
0.278286477269757
-0.242118958550519
0.066596986042123
0.084745404072352
-0.385053732082594
-0.093647730842176
-0.320019642202632
0.296197182883862
-0.139535245938968
0.023911003148111
0.060802587077924
-0.497035213138009
-0.000184499001320
-0.428760576475868
0.344018056179414
-0.227191108666579
-0.100820612626056
-0.305902555434347
0.137117353434507
-0.148132032703802
-0.457276610828493
-0.075018658834405
-0.105001117129314
0.046560864819771
0.426482937278590
0.168523417639371
0.181766817291766
0.358802820787481
0.262428165501694
-0.199928878149672
0.044906950242541
0.064226905996223
-0.766022949693405
0.027406087131991
0.245915579652475
0.295512177325728
-0.422679065141028
0.172828567653439
0.179348437536335
0.168110410338794
0.122896074744571
0.373883043677008
0.057810693190438
-0.247033035731692
0.078811586853053
0.036826654758035
-0.064642408241927
0.332076122024321
0.048215195186714
0.459117037148545
0.198990487623854
-0.299499815374717
-0.458905581860881
-0.466228594530747
-0.449728248114108
0.174618176979111
-0.174938946097708
-0.240458017436723
0.333058341975491
-0.426696000175439
-0.241965116936461
-0.272804294297693
-0.292858210063994
0.379046365669345
0.005996539819932
-0.162789775652620
-0.630141296190870
-0.257232651231488
0.191845267029083
