-0.30480511716954956
0.17079446922497354
-0.3281995913161328
-0.078081197686657459
0.49803607359033822
-0.62832238183707168
0.38985434134686485
0.13304611396877194
-0.4690470015533325
0.059880274798218639
0.054409965938880275
0.069800771276811444
0.46955110166693282
-0.10174077105891637
-0.25843665871621608
0.60439392863669751
0.32714178427571661
0.070671008853308113
0.40692191758872481
0.33203561174714868
-0.38145526999985163
0.42211417469620632
-0.032532610297951229
0.29344233618776932
0.73096828430924874
0.17519523949994628
-0.068709608052938432
-0.0016561838362094516
-0.13703433825453064
-0.0060947175574519633
-0.52618834852570443
-0.51778551284986111
0.043625280528962483
0.060173425325123018
0.10995382302440356
-0.00050011339869689752
0.1171976494026627
0.41967999876225356
-0.021384573543224145
-0.39707923367491834
0.21891401803158437
-0.45256437650904354
0.19688517604477785
-0.43783504807398062
0.0073769061838607368
-0.15406198478836936
-0.2869034679237656
0.17178803566430882
0.24989055784833601
0.10639978963292782
0.00058275910361647825
0.26639239830359231
-0.32394953708147674
0.33899705150801253
0.36310547387152179
0.29877802392905941
0.24844615878276873
0.18849639432252684
-0.029778780200029007
0.26873683346371782
0.39082474879877741
0.025932094461128335
-0.17495862423606913
-0.068414759161791092
0.70916334721164082
0.26636421679588953
0.17021159110303972
-0.42424601923748568
-0.034958838147638735
0.3476343852282553
-0.12541180893803367
-0.48645472126432283
-0.12670815365675168
-0.2529478296579101
-0.33228669279988229
0.1811731255693333
0.036810120233303582
-0.67830330719941138
-0.04587159807916885
0.58382447801280886
0.41677662343160731
-0.09364563856487784
-0.41292386887224091
0.090156921118834815
-0.026950709573128643
-0.1243674206473006
-0.057459063150090232
-0.52507189888143348
-0.12670387498011993
0.1858194928573822
-0.018254419870484673
-0.09091082990481774
-0.33277381765234079
0.34028504400695511
-0.085884184063443011
-0.055042051721776192
0.52356630670186493
-0.31916394866346722
0.24276952642430302
-0.32358182486126165
0.096954952093396651
-0.40908707778403736
0.53493863081691199
-0.39978836135738738
0.3526760063200532
-0.11260785001476677
0.13441717520509614
0.26222506561728878
0.16344785134489442
0.12753710823490027
-0.52513004885014934
-0.39529809910474044
0.5082489527099112
0.027938040481940727
0.32725948954904435
-0.18095365110607765
-0.24590563005491829
-0.34934639363122507
-0.6533541103373937
0.0097586968111572642
0.0076720340740572429
0.027773296352252125
0.25517024004913565
-0.38615221387949103
-0.16865214172575941
0.23622531360327208
-0.14590365194436517
-0.10651250622934643
0.31385262597646669
0.041056928920413877
-0.07095636985027451
-0.314526590936766
0.049437958207369263
-0.55064201746695219
0.050402034039217556
0.43967853579808522
0.2255406043079002
0.30778837145128568
0.38874594445661696
0.12721705967673233
0.26474849611032437
0.26677369481933295
0.043814646619725648
-0.046839787847739502
-0.28518864949810382
0.45034803714946054
0.53569648329955326
0.085959686303389214
0.11993757379713255
0.29007419660990266
0.35303862226072137
-0.28090543591447389
-0.42305723426872572
0.00584806541251183
0.082839139548639617
0.61364572134181299
-0.58152284678640672
0.36448715487162069
0.01953370567087766
-0.20350370939606391
0.13038233007953392
-0.10252101673085211
0.36324145616975304
-0.57179444395996621
-0.1272756031294058
-0.3133598982252395
0.0026707422205693189
-0.025595871678669625
0.15598491968045876
-0.21906368738013434
0.012228852264146874
0.45240075932317173
0.067662966313943853
-0.22600372992776051
-0.08539535955798125
-0.020503772106013438
-0.30582231934188714
-0.49569844467241759
-0.12162291911479747
0.031519636429345161
-0.27823824553290897
-0.30831545173356326
-0.44390728954442195
-0.19872033697910228
-0.0073903488639838792
-0.34252265464398532
0.43702768078912215
0.15156065701588144
-0.21845464252204603
0.11747461648456161
-0.43368960625236793
-0.0041926256947850219
0.60450307361346556
-0.19031140924562384
-0.13303494761004864
0.29910499263609641
-0.2030127269634292
-0.11539346384585292
0.54867752562132606
0.54605673132314099
0.15973716340225465
0.049128070447285409
0.053719445833855943
-0.28051751826663644
0.023065065043440304
0.47946682344887313
0.26585791494793805
-0.5525234953272508
0.099881515634317457
-0.24356625508765219
0.46266790550290178
-0.38924213126515241
-0.20967186401023564
0.17251559310158761
-0.10295402654143006
0.077516623475748968
0.085948108602502512
0.46893757273527326
-0.59099979671952714
0.29148036099260642
0.3273659519612974
-0.17375202858242033
-0.29898298452911706
0.18247056101633446
-0.16924503006953702
0.047272962275020825
-0.34892130815031517
0.56924109706399845
-0.48817923599441907
0.16036885719136713
-0.11136487936610013
0.36509716049396481
0.35485313619263761
0.46919803522442336
0.051724971453325154
0.68081339319010789
-0.10177062681906651
0.20636452734643714
-0.1397581744053026
-0.043276643816717813
0.56585558443586244
0.24819456035300103
0.13215303180069953
-0.57143752706593139
0.0099899611860068921
0.12653173756076915
-0.020938334053362328
-0.026638986468710973
0.081452025921870702
-0.37860752912754597
0.55896974768547603
-0.14162520783541135
0.12210837630759478
0.14845485762198717
-0.22594129691383694
0.17753398910780561
-0.088750808146195812
0.06228647451977542
0.028519205165570524
0.028687934705593706
-0.6197743861629048
0.15495192368322524
-0.33166212265986899
0.14776496661969329
0.2801028944455231
0.27781861741169782
-0.28024663258947668
-0.33476009264424899
0.075054903038971496
0.25720560252994617
-0.22831187839728253
-0.0088775332162890963
-0.057912065639232108
0.0043728061285861956
-0.073321047622508103
0.24561854434195453
0.29184327129692632
0.22600529303565075
0.59921981286780633
-0.15127408791140475
0.28044641563150029
0.045162835624954252
-0.30540016202030579
-0.22224197053989648
0.017836240908862985
-0.03103405397807231
-0.1154427719957734
0.26039178624014509
-0.017122656222528946
0.03560675824650334
-0.18999273209192283
-0.43901539773200914
0.1568535426675608
-0.24148667146968383
0.41709893439461648
-0.077774963551103509
0.11373730553081582
-0.051739992288709825
-0.29712242616531385
0.35712362444060102
-0.0028071496838356963
-0.45277450610522299
0.082041512713802131
-0.10666857759009706
-0.39421261004221061
-0.24266164590430083
-0.019173305140667596
0.19418296005760451
0.39922866356090922
0.4486065057556767
-0.023666319614229112
0.00052395647377570082
-0.10814400353201795
-0.48448111005151214
-0.22381650494996345
0.16929406186570562
-0.54187903201035916
0.12295605322976532
-0.13306821920651258
0.20386266445285415
0.34462343545295295
0.64688267444414797
0.10436891844233508
0.16740288545581556
0.22260602012064547
-0.67688934800105965
0.24320520206882073
0.041219706451313186
0.13272563895401494
-0.14942189258772413
-0.12788575738092576
-0.10097558488918631
-0.24582477732083376
-0.12521411999608871
-0.23624261738123799
-0.28099837504299765
0.23048055749888339
-0.18982898218831496
0.10332801357861559
0.32029682382695813
-0.36883522454889018
0.27954022809030705
0.11383620656696864
0.22865548683262163
0.40944900175560535
-0.11568879570167241
-0.053614482809033201
-0.25714785878534932
-0.20757058359147648
-0.18633625232831191
-0.11612644446031072
0.24175492210099081
0.21554343903253301
-0.31581895179694967
-0.39840455256878556
0.40888962979038042
-0.085170210307444902
0.4337066775315654
-0.17032930708950931
-0.32239287921839206
0.2667274968306859
0.45827271151689266
0.025133133007604393
0.3368091160859569
-0.57346068486167607
-0.1742908601145849
-0.074150270646004134
0.15179341783198939
0.28400727957820689
0.074836785118432758
-0.40744382221479681
-0.052983999648008283
0.16252429701807645
0.29985348778085765
0.25014474371835046
0.16894382390563148
0.21584629598004229
0.27584194540776082
0.095078335841079675
-0.34040545583286374
0.13726215441861502
0.13976756588219369
0.21516491721750552
0.23730111904364281
0.12516791026852112
0.045657662134650989
0.39681143346498679
-0.18595483356495869
-0.073552073277225826
-0.18835510650559049
0.054283015670481296
-0.36793894856801121
0.34889467955000616
0.01366115965637373
-0.41164870758345409
-0.52058040464108816
-0.051832542795399777
0.049413767755417428
-0.12346380738441967
-0.39159196007891456
-0.70530905653767851
0.30338014468635178
-0.13531619259494327
0.018019699873971056
-0.23218991254703204
0.38305658897199639
0.36551681304314408
-0.0026838771486905332
-0.32419521815014532
-0.15336539383218879
-0.64890262441019979
-0.22996435751925284
0.24833879892591299
0.15187128341821111
0.37935134984669473
0.19041345480430203
-0.32979194129995356
-0.034861802838853043
0.033018262782151367
-0.1781382122825686
0.1722885544998851
-0.045172625749574933
-0.16552485511064414
0.1121843527719559
0.032057152060074302
0.40160362271058943
0.059381683818457162
-0.33935425629040371
0.23692866250214645
0.23127131133792051
0.41969391132317308
0.23499525726074805
0.35691939785999985
-0.0084986946131680324
-0.42552975079688407
0.16729855336712092
0.25129747948330731
-0.16239608847499575
0.5807713571275948
0.16853443605234432
-0.10590807493031914
-0.027615827979283548
0.39936486640251942
-0.36060667587513859
-0.039456024151738753
0.13625016430600479
0.33746529134330522
-0.52487905393259705
0.2021876633553687
0.43229132128167952
0.052165728885059342
-0.03347706818878431
0.082369328050741521
0.56539964175303887
0.37483115643190603
0.052947015118310732
-0.25180048712377443
0.023106917328066469
-0.49218393889035563
0.44843243403159107
0.07087358209905561
-0.15528054370385515
0.11371271900986554
-0.097297643758089789
0.27753954507641432
0.3572442811418925
-0.016898956052620817
-0.45752707530694431
-0.060794955609495232
0.034962267149022554
0.008503804758563557
0.033388914634049032
-0.35244527169789344
-0.40118130920087883
-0.23057486083309271
0.20757893689117259
-0.46364506879982562
0.085666977442512496
0.015676358037327258
0.074235947071043701
-0.084057711937662225
-0.1197983352572276
0.044027744740617619
-0.27617558461417682
0.66328553613258062
0.06723284313202637
0.16638577583410832
-0.15656346605478973
0.20523147764228361
0.058123410341620559
-0.27985443303797101
-0.15842203684740418
0.10501862233538554
0.38501619185550654
-0.23208136403880833
-0.032735252035935278
-0.24218241286057562
-0.35749334805548653
0.012425310107068992
0.078532309361339972
0.26509861492654587
0.30553981171404273
-0.14566953916644236
-0.23026955278928425
0.037189970603838473
-0.13368501799987689
-0.36036799810178553
-0.27961336093506938
-0.22143974926333375
0.42793666700070741
0.2939873426112599
-0.11972540632107152
0.0096491720967021225
-0.17188051986790456
0.28107862190769765
-0.22065272449217727
0.27943040380437151
0.39778458338786587
-0.087149854791239559
0.17794204907774847
0.18907015158004312
0.45282343249461393
-0.065196601189974884
-0.29617935100728068
0.39284613699825723
0.10446324745193244
0.35110087978417056
0.69874266501475451
-0.31335403367079217
0.15286715366678746
-0.11663251823783552
0.04398875744343722
-0.38003953594370881
0.42056117143024251
0.15518476468409816
0.38762308412864309
-0.49539463288113554
-0.31972461429824627
-0.2297752704198391
0.084843482267147854
