-0.073605090085750
-0.212921379364316
-0.049041132537471
-0.421765692152198
-0.099625374846499
0.682612569117846
-0.107298059032795
0.726085686637735
-0.112381748306516
0.054765137538566
-0.217786749549830
0.452542128316847
-0.304765313956236
0.199268797074321
-0.193120802035855
-0.165617815376674
-0.402197782713962
-0.087621383957501
0.279774140656709
-0.266002089902648
0.617491451260808
-0.173322781614520
0.130565859556044
0.807516697542642
-0.047618347249342
-0.072835830811572
0.079394813340447
0.424418456538492
0.081248682165827
-0.017943257362335
-0.087657527596357
-0.051752733651628
0.616002036251464
0.294673573905257
-0.011796228077069
0.106520331269827
0.046089389061031
0.505947683790326
-0.151928156613061
0.256607773454796
-0.255509854640351
-0.271328919019027
0.230282371398284
-0.157423505058846
-0.020818627345238
0.099129253562873
0.651108943999093
0.053656076701541
-0.371857615248971
-0.270727890316250
0.566674293333268
-0.020075861923862
0.240414971363935
0.183673398163452
-0.205585814399928
-0.274570084011034
0.674037299248372
0.428629833233637
-0.186839972371609
0.123893486274755
0.026816036620010
0.156243019338982
0.034652375583460
0.109935987320410
0.092064105747016
-0.158384392438747
-0.173529447176871
-0.144575346566783
0.296055514407562
0.634238924415946
0.000010113342886
0.247707865450288
0.075585296890265
0.497687104151245
0.025819593385574
0.622216936156290
0.105688835000043
-0.153143739520136
0.080591364792286
-0.159890505408280
0.686640389180106
0.172780586373137
-0.224006250401411
-0.035894289847181
0.046232908286972
-0.458736052823573
0.342967178954021
0.487358240067232
0.368084407836892
0.150003908905658
0.132187372425404
-0.049012662778836
0.304770845360447
0.215623264453280
0.549166690380534
-0.187908440268645
0.108321598660151
-0.149579126219540
-0.257686724667773
0.244264339610482
0.109890571185762
-0.154077316514237
0.598723995374580
0.229667780896941
0.418351075322390
-0.151795177099910
0.656696935224502
-0.531682644545877
-0.041380239392941
0.008730284169795
0.083382382884870
0.055496565216006
-0.051894463031832
-0.139381545183498
-0.125833290123912
-0.029509970163775
-0.145676574067610
-0.001358173225449
-0.470647237665904
-0.000180282494005
-0.061330442200275
0.045312301805793
0.057445523271871
-0.046410280694061
-0.171508958230587
0.177964649213910
0.047523671516304
0.175218731656402
0.385328447470440
-0.023542445564337
-0.230441466060399
-0.020216768034436
-0.001951479094021
-0.200489477063386
-0.085349020104433
0.002510674270637
0.009966423651059
-0.220329673330731
-0.070832365560833
0.075318771288297
0.197298505257259
0.388806695951919
0.157768373558022
-0.452873842880938
0.001484437886931
-0.034441019462956
-0.308241815988281
-0.414190584157629
0.207959582482672
0.001674091047026
-0.199351026359369
0.306793547649859
-0.388498441784158
-0.055801109620113
-0.010949416010184
-0.295962228846972
-0.251320534738119
0.031421860365439
-0.001290477697234
0.436531318205637
-0.066361099813684
-0.204966857201238
0.000591434444769
0.392003136770726
-0.335248578180931
0.075754830877458
0.063241725593422
-0.279617488132702
-0.001531967494255
-0.127890885237503
-0.245459633570552
-0.204143725702093
0.021022409165476
-0.025054824740838
-0.407438881531835
-0.416635116626096
-0.369650976083542
0.143246683555255
0.234051861771037
0.105653073196282
-0.129379182332046
0.001478870686586
-0.367354395432876
-0.028076788734117
0.006211155884658
-0.354386257401667
0.090237464702589
0.002410335619333
0.129345120145873
-0.262188255851687
-0.415772537734530
-0.308801143648860
0.001026011254613
-0.184251548024397
-0.125584782142198
-0.070730783890858
0.054164499460828
0.061333731090116
-0.021868346927949
0.003854247423440
-0.059072127989596
-0.426279883767169
0.253822086549050
0.375269414432662
-0.099212453668128
0.203178570363956
0.001022396495611
-0.464416171902523
-0.160691490561528
0.231864231960912
0.337121478348139
-0.320973834302618
-0.019760790083474
0.164125929840578
0.003865692444098
-0.054871363094373
-0.069661176955610
0.153433660448629
0.004881828047183
-0.164859016760368
0.086962409491398
-0.078509440617858
-0.425359410261658
0.076150218152370
