0.151505849805228
-0.111987418235529
0.000817844061636
0.080750935098313
-0.618036770421639
0.044582068891084
-0.101033276477733
-0.526875726472007
-0.025984042795716
-0.126702650459448
-0.061648435273836
0.525262379385349
0.014040178117732
0.078061958766360
-0.126078388974583
-0.324175420057835
-0.186249774508128
0.111171891310853
-0.040486429437685
-0.207318059453402
-0.362076892974377
-0.390960283577994
-0.285904286183423
0.337831810477789
0.364850163966908
-0.201848560952136
0.077887524774028
0.227177662956670
0.438082595014431
-0.135126912301263
-0.085998258603617
0.407498870470050
0.200443565885595
-0.115515060459978
0.349177896274720
0.200478753412177
-0.238734011685001
0.327067986969124
-0.020428515958640
0.064517745184066
0.303666935089368
0.227635973903001
0.336947819091346
-0.430508250820713
-0.211610541574215
-0.172351472458715
-0.094525272375047
0.539697785746251
-0.429290968127341
0.436399654859546
-0.073139496773509
-0.072460068973580
0.091440990556209
0.576397912457297
0.345576777359387
-0.160890575999840
-0.381643796475891
0.475675626406993
-0.282346976980438
0.027048378657116
-0.081927681251493
0.285468368008359
0.525739076312387
0.212618097164486
0.085503952817034
-0.286035217153775
-0.129029257711448
0.306680267200619
0.106798533947889
-0.205722348582257
0.141381015185359
-0.302941683929455
0.417259306820870
-0.434141912146432
0.276804310975098
0.019204338855706
-0.129233668330681
-0.467084495356454
-0.202674816702770
-0.331930735173091
0.251160486889174
0.014013907040352
0.486842573338619
-0.143189599116358
0.039891450403073
0.007575210228320
-0.283181830781141
0.318592160948966
0.180185400949243
-0.430292699274356
0.080410201087149
-0.012280304009746
-0.057339735689808
0.221706953809754
0.333396159832346
0.112154460585308
0.533500105933589
-0.061850949999965
0.370558798409118
-0.468604471369029
0.034495493149563
-0.395513208148479
-0.425668975886569
0.104857145800127
0.250818291642267
0.204146015440132
0.181857938616389
0.196354157499899
-0.085342690923047
-0.005122861727287
0.006209716764343
-0.164088089016059
-0.021751032056924
0.325498997688531
-0.062915123334571
-0.373974046603473
-0.487608112858497
0.275187533953594
-0.144415070021465
0.297541995081491
0.279097133876410
0.068955666497321
-0.561757406350057
0.282933302161466
0.137075111372786
0.448056454942032
-0.368516496423241
-0.378090334908980
0.064573505313442
-0.127106226230668
-0.146481688361693
-0.224149439176307
-0.439359060333201
-0.284635368063449
-0.351786076766636
0.073358615104351
-0.323364152694148
0.259070082854096
-0.190972114521055
-0.037109155097714
0.198429806906727
-0.447226329705355
0.422201582187608
0.260626596770640
-0.000894324652763
-0.218171122450761
0.350829229237082
0.005571683450171
-0.210474918313216
-0.209701288972128
-0.569569475686489
-0.045519274620987
-0.069025125839273
-0.013877945954917
-0.147610037120911
-0.186642570733785
0.205370359638968
-0.054336841510581
0.092608666873701
-0.574026173025360
0.033025903840487
0.281822314745842
-0.086806396083128
-0.664385485843639
0.212135890961786
-0.148215823819650
-0.181260256132881
-0.137975276040397
-0.121587737510848
-0.000593578335724
0.087394408390260
0.212873005666711
-0.265992956803288
-0.043440566368190
-0.042063454032063
0.053128010802937
0.169900591222042
-0.222975576248740
-0.269554834323343
0.380195089867151
-0.044226666837607
-0.111711153253227
-0.078128997625325
0.024584979499285
0.267727278459170
0.273210533582504
0.132230817096024
0.104545761956411
-0.039725461532511
-0.102876647332899
-0.422506567478244
0.012053200557327
-0.090531557903695
0.150049255890766
0.389279867447475
0.574236262370318
-0.066493149214771
0.387153083804007
0.455992868160777
-0.059954817987653
0.097285998101032
-0.205706733646665
-0.119790193830270
0.125404886465481
0.227125702976515
-0.099253005356058
-0.010508935659780
0.251068646028219
-0.353470526974276
-0.211019197903223
0.535273505878809
-0.048214326244918
-0.075274080973317
0.500753585280742
0.102500268511265
-0.044468668701257
-0.186621361422636
0.225789309246828
0.424657230103661
0.430391131203805
0.222989708220311
-0.056929537151806
0.234750190638667
-0.102974340317933
0.012287862469362
-0.144803331314997
-0.110229517872628
0.091499967449114
0.325953464657332
-0.080566877828695
0.275677358671700
-0.260906954694230
-0.029699626402914
0.327839208774920
0.100734693934742
0.342364709867954
0.379536675310380
-0.636067484290711
0.192140941343336
0.213054577432754
0.487047729212634
-0.068035698306378
-0.136804138389420
-0.204158282211410
-0.175687547243090
-0.009475287087593
-0.303269153516041
0.108830933134031
-0.092233663400390
0.215867739962460
-0.215664188958430
-0.090159593400733
