-0.203892445474917
0.177873802934598
-0.094697833615678
0.236563512929960
-0.353793120757840
0.192426537207303
-0.367683137811991
0.051284776989389
-0.843336658524518
0.071387871410992
0.039251818289849
0.176499155959370
-0.145138440928214
-0.091260738870210
0.319527223825523
0.080381672921508
0.532690226124691
0.483027973389952
-0.327998824464848
-0.103038125555058
0.241427509816598
0.106436119079885
0.066384065678231
-0.114204696100584
0.243728327857071
-0.318293827814177
-0.449981509376935
-0.387021490082121
0.280282682385540
0.190048845668618
-0.121650667043609
-0.343715711605416
0.040074728104394
0.246101841542400
0.107408282017569
0.171153938125574
-0.227814552037722
0.186154654582903
-0.051009268999438
-0.456815230111406
-0.194952610626963
-0.587062401071843
0.342243397294019
0.413097775495934
-0.048086434432696
-0.379591100904148
0.041420373939692
-0.263954207204509
-0.054666465174649
0.183452550128851
0.259006336773933
0.341518618231502
0.115897248826537
-0.213416610867632
0.060621821653309
0.077289018273847
0.214669756329685
-0.095678071943518
-0.151229883373131
-0.026156593734401
-0.606661474565424
0.339652704164170
0.103828488286962
0.003354294474298
0.288625582867262
-0.126834584902470
-0.161646436866652
-0.278368648441677
-0.055475388990243
0.099129221015511
0.085097848354227
0.031814884648092
0.601977074260082
-0.221013852127411
-0.169233840236628
0.117647908231720
0.298838894579421
-0.065865006536682
0.246850418884974
-0.409886076435094
0.083710417342953
-0.312124648961521
0.392700915538425
-0.094898440711588
-0.358552153702118
-0.457959827107615
-0.229033011998539
0.212251829530322
-0.470515223875311
0.088867345382420
0.108424066823464
0.116435788520338
-0.119811474650711
0.028731353628923
0.496572512611854
0.201761910777676
0.180313577211481
0.333875401814976
-0.120247249686816
-0.043131468225621
-0.162254714409667
0.449550346760495
0.132688084616375
0.109221598203140
-0.416502929216316
-0.180397356958510
-0.375129301707451
0.157188629307542
-0.537402790724147
-0.064730870180170
-0.000537171227136
0.191860999876671
0.453019876977207
0.063146680269054
0.083437612030983
0.413909126613411
-0.117857695748319
-0.359299381423406
-0.201389843122955
-0.221224770985379
0.361838088500704
0.117032630609915
0.007468873815293
0.355349894965636
0.576947085447708
-0.205194663068156
-0.054390734345076
-0.224650052237753
0.315972418083528
0.221505738124681
0.061520116744833
0.126045052089297
-0.265531368869471
0.044092762932945
0.429792652405347
-0.146823686780439
0.072101913324116
0.420380253580274
-0.068583307455152
-0.603402956723386
0.258320481048950
-0.127363049769202
0.081960644110054
0.149550109694932
0.154787728373560
0.596933724740501
0.312325592116755
-0.352801236113482
0.474023219115027
0.259705263539000
0.345373449696010
0.202436833719174
0.028667082785211
-0.251523006372222
0.186070616595745
-0.221146126277623
-0.110962565125326
-0.085265370101591
-0.105363353139838
-0.316839458287910
0.075897836802045
0.271950846596723
0.164307414055365
0.067346915932425
-0.596808751634938
0.146918837240981
0.486051460955802
-0.167046004560289
0.028372598167697
0.329835496785156
0.172853498045923
-0.175944318498724
0.360092022071995
-0.123383468901848
-0.031438723603821
0.499093380339338
-0.079453317220659
-0.315644505897829
0.172009974740005
0.358762509689816
0.469671304096866
-0.288266897290474
-0.210683748007392
0.166862349267058
0.055908610480107
0.345401871634494
-0.488553441875134
0.338781337457217
0.127883541196695
0.109486384960916
0.323147676844975
-0.248892858804143
0.043985764999203
-0.054096426568180
-0.082362057563831
0.170195631388252
-0.074405421668277
-0.250524210843676
0.112716826741417
-0.048513833397342
0.214662797097111
0.154103106768877
-0.211409098940499
0.201940299286513
-0.301506914876618
0.262387819375648
-0.419138411412702
0.246705812948068
-0.072456637556823
-0.126150474575632
-0.005436816945440
0.406303242312150
-0.176905008824061
0.118928645074781
0.290116389437765
-0.597050349461002
0.165792376359454
-0.020189380940555
-0.141517584762662
-0.404832807287658
0.057040854664368
-0.153248672327971
0.051467083513137
-0.276604963224232
-0.240269198383901
-0.031220546024396
-0.475085339326602
0.022831987341957
0.348453010415774
0.291512240465618
-0.010573847439307
-0.609509748042206
0.282419992639783
-0.053352560440165
0.324670320479139
0.193642721998094
0.021851265831484
0.341325377857232
-0.096164576588637
-0.231743850825674
0.379684726994421
-0.196251103665695
-0.311769596518542
-0.009796450681712
-0.290002449213268
-0.063007440408123
0.058274637755957
-0.589632787764672
0.089792630072878
-0.312002856537863
-0.130273386716405
0.553770587803991
0.083794141211342
-0.227656160484628
-0.433103079766368
0.307173896945367
0.143503445210077
-0.294444521536115
0.025751881910664
0.137782828710289
-0.048415857451859
-0.516000333519473
-0.113354946121397
0.070538785739671
0.302075443780564
-0.320018651344162
-0.183677646241099
-0.032017951261047
-0.368609552791610
-0.285476279522166
-0.148743420259110
-0.218922925057832
-0.031372650028733
-0.416516411948958
0.267157207477796
0.224211825819100
0.056045169517940
-0.146889595353345
0.448506224709676
-0.137765171237529
0.438813133246027
0.214492261590421
-0.322021954031920
-0.319459198026039
0.078188976046209
-0.251138443739940
0.196844469668863
-0.120421740227421
0.239436714092229
0.061038087428853
-0.383091595912698
-0.486664388324818
-0.017413018991918
-0.112969747789918
-0.239980304508962
0.128806288393340
-0.064673798753952
-0.349339595999056
-0.416538079708421
0.200302323118373
0.122192815803887
0.129858394467337
-0.196083376248355
-0.158466806067447
-0.187818020278489
0.124486852273351
0.253728021059612
0.330998376458011
0.396383687688964
0.106485034811721
0.302763586812007
0.359457519359598
0.200013559503230
0.219335837052059
0.479628430800779
0.020712014576262
-0.258088522430307
-0.207566451216114
-0.093217778931582
-0.156408882790389
-0.083793170858146
-0.301268608405579
-0.353929453210976
-0.215808224178992
0.101000427408296
0.162095777379900
0.300356094807468
-0.301337065505922
-0.144211048336985
-0.005303683096672
0.263267114789279
0.385097277598898
0.173861693919986
0.026990023002074
-0.322105909324118
0.081799468713571
-0.606185259235097
-0.367978562544873
-0.144069805066272
-0.133138954027126
0.277333656134214
-0.298146746475246
0.269228085558923
-0.066244927553681
-0.127939316541683
0.025951432305628
-0.177262994076063
-0.117455549412529
0.202998637915444
-0.380443457560307
-0.530394781165390
0.238403653503337
0.236564533137615
-0.467018318533004
0.242870047936746
-0.108384037455183
-0.027090474338873
-0.186575218703282
0.191086599752997
-0.155871158134612
0.059071528375175
-0.199668151343319
0.028580417904657
0.207799737861900
