0.170397768004073
0.528679712849097
0.428769570883406
0.033647428787277
-0.365214355044030
-0.263893586777202
-0.053650192936290
-0.126410065355150
-0.066311387627060
0.118293842054062
0.037126388690382
-0.217144008766264
-0.047787245028648
0.739475162520202
0.448423190151261
-0.036512197979711
0.344944831353465
-0.417052095517814
-0.108539262654658
-0.055201448505850
-0.090890758753534
0.048362656109491
-0.554817372482413
0.006204585308070
0.654857056371305
0.122969949497351
0.189178112644831
0.358461006988096
-0.298082389355309
0.630081757962627
-0.153292238420453
0.105756822065612
0.006181808345867
0.102542704345442
-0.092662877461857
-0.315528739573154
0.052923548703589
0.128252957764640
0.597878269729947
0.483267134762403
-0.101726805148925
-0.298977643127695
0.127623933552580
-0.069606563752410
-0.057451919696237
-0.161831010491886
-0.368055143912563
0.528921046105662
-0.499976321281976
0.259069803877120
0.072649726468410
0.031214184878616
0.077721972143197
0.722080586169544
0.053862132522275
0.393458132071040
-0.420935867803871
0.116956856350960
0.582414668782916
0.311537226266475
0.262392037541775
0.176025600061175
0.387907683030753
-0.363679058178902
-0.210857793785241
0.254699253164301
-0.026991346990912
0.576601346484174
-0.417941185120452
0.063817254165538
0.184202099443821
0.441964009145083
-0.006653606346141
0.715842044150952
0.051944475092380
-0.048987027485259
0.334652647285914
0.041040028490872
-0.113550392861372
-0.040098466734874
0.278449901060359
0.030930914467938
-0.339427803978054
0.502744757569119
0.068907693482746
0.035073663883914
0.721363580652813
-0.209262258623594
-0.063725118982798
0.118085982728296
-0.031370197308937
-0.221963061438273
0.779763558733010
-0.174167397557582
0.026443440808553
0.067028714883972
-0.044800519819912
0.301996173166740
-0.053051024669806
0.043664337978438
0.488469541028990
-0.355239731878283
0.473797525120882
-0.300895368435215
-0.275618985237861
0.642219886492205
-0.117780343200833
0.063829127470007
0.127346028622937
0.312767799782726
-0.058573991998261
-0.482290517590072
0.159637618015926
0.415882751903269
-0.196023028146232
-0.247221753865176
0.108001834423590
0.259641726961005
0.532110677143810
-0.051758091513677
-0.160997958696981
0.123681150703774
-0.439864455333499
0.066738300572813
0.196695603028163
0.623282065126984
0.112914883319211
0.013878611260075
0.122055337779971
0.059767725455295
-0.018984723580363
0.681902513326133
0.339979295641850
0.598571706700547
0.634379769235303
0.002193181970728
0.001094486159887
0.246656767431406
-0.106451468331954
-0.009952240443942
0.135694999127082
0.146738720964267
-0.338784244984513
-0.165118088727054
0.574690858501404
-0.249063392751855
-0.256828463325378
0.291034403161596
0.051747643753273
-0.420859877966450
0.289160563233509
0.366326370041951
0.665595079146190
-0.089937748539237
0.013526018036198
-0.058524958826359
0.763870940386979
0.057534277308711
-0.243337397083894
0.102965616692182
-0.286520780153388
-0.001391119324107
0.555260805765297
0.108660848766751
0.060151012384507
-0.436184783573482
0.058501595413929
0.009758550461691
-0.174673341833708
-0.203955733188213
0.352159399535879
0.031435615511327
0.514661637035069
0.470718452160822
-0.357243333233775
0.539176150172812
-0.140991948479897
-0.176076215666525
0.017006377761007
0.032912938796745
0.070856436005460
0.614813934356565
-0.131511439641212
0.151249864783883
0.297532089523479
0.436182533175774
-0.308839320657914
0.591428613080015
-0.061069269725720
-0.386750700086037
0.179021254685514
-0.076722643693929
-0.156931790530579
0.001036204065954
0.665261194983108
0.043678839207308
-0.452153233143377
0.250604146341574
-0.094335942629508
-0.271546784699566
0.545865018620287
0.334517583767906
-0.027585709115329
0.483393099257367
0.000129575244763
-0.055733970686019
-0.164371218523926
0.166964854608349
0.007006203464296
0.094168711888819
0.066485626660072
-0.126021288878574
-0.299565455768092
-0.372000371414205
0.131968370652218
0.319611857524633
0.000058139411574
0.000000079911685
0.430012262307039
0.012813072037109
0.163219832204702
0.430521764919424
0.200627777124301
-0.210378430930726
0.156457782075120
0.146402588937762
-0.050419067830888
0.000036054503337
-0.078499041300070
-0.053444946769903
0.155193150856520
-0.141493855310542
0.000244432599164
0.458604536259528
-0.318625998828064
0.162211946967020
-0.083962475667265
0.308378971613225
0.173305962445754
0.320590330159107
0.079823018223783
-0.000155196137618
0.193510080369253
0.100171057106909
0.061523343264812
-0.274088163717834
-0.094847103850540
-0.400315501507119
0.026591915826262
0.171914263101343
0.000089043734081
0.097694564317350
0.190132711033532
0.109896863523621
-0.396488379153584
0.041805023538932
0.000294668210688
-0.057511470445908
-0.176048006122245
-0.162608655558639
0.067037817333729
-0.000001939028426
-0.014048639541215
-0.158811894520020
-0.245645685886278
-0.076608135737121
-0.268824104401606
-0.169577704112326
-0.212059034057505
0.026581318586686
0.000139673728130
0.216609912475248
0.229872206229863
0.014077378601962
-0.085343356741143
-0.000111118118322
0.000140613032518
0.305999765339537
-0.199466494853046
0.016386416176645
-0.499001754539796
0.002333405594148
-0.277237803876928
0.374077028751700
-0.161022396234186
-0.213608777988411
0.000042245715248
-0.252211087121494
0.076971333263886
0.000002998751568
-0.546118912365577
0.095923235398570
0.056521183585275
0.175212396170141
0.175170610391703
-0.000220877340326
-0.229647711942462
0.013817477451076
-0.093677744307013
0.306072389727289
-0.167022204348927
0.298043269019595
0.255956955729048
-0.000004037354922
-0.052325518319565
-0.061521499619939
-0.237090402830550
-0.149715880469839
0.000112077778220
0.144621464276019
-0.197723327458603
-0.371830749636212
0.102771882132183
-0.066074844568800
-0.079596113121800
-0.412576316686752
0.084857774956169
-0.027429121682853
-0.081257416995632
0.331109649202941
-0.213037474020445
-0.000018985678763
0.181544648202822
0.381513970184583
0.064008574256262
0.066904707011063
-0.227557640624976
-0.303532165381001
0.000579712665051
-0.094463721366496
-0.194516129550232
-0.230900986163029
0.451475848277170
-0.121832282166306
-0.000054592273653
-0.262491549685594
-0.047327121404855
-0.000098125147278
0.350583789372339
0.076979460358388
-0.152471412512396
0.097456409805224
0.056371172361872
0.250364842230992
-0.441047724782219
-0.037564256230773
-0.073064914172657
0.000109959713437
-0.235394547070505
0.200965274132207
0.156940919305596
-0.005734219363038
0.052235229281993
-0.045488632182398
0.154685342873823
0.000121078726205
0.114869637966931
-0.000095995081608
-0.095790354769609
-0.000110186896401
0.424751098102752
0.043500320276978
-0.234661909404116
-0.105479412897910
-0.309736538255513
0.000094767907111
-0.346379157882581
-0.017947450527121
-0.211802655989612
-0.450155862333777
0.136913538567666
0.086246386368867
-0.300398032882778
-0.261613092820536
-0.057391183539790
-0.000125500012506
0.032704303514684
-0.135386181512709
0.261548681936184
-0.242341948737467
0.309077221718975
0.127234865407302
0.186044336499752
-0.023472144765607
0.000138467856075
0.252477934107977
-0.280894321238151
-0.016693021010765
-0.162811844649248
-0.005087493124208
0.000267321442533
0.250379017436793
-0.268635229232322
-0.007737092094646
-0.064495996735457
-0.419442545340045
-0.248829506324762
0.000010687549653
-0.170725828182150
0.281507678750868
0.132629175735067
0.191109667462221
0.303975466748657
-0.000263928567615
0.043802578616517
0.108658589651705