0.169160695393608
0.529867633337588
0.428691100973391
0.032765023942763
-0.365831830780567
-0.263652898968905
-0.056921802087563
-0.113956272487369
-0.066544080326528
0.123310033580100
0.037006447702553
-0.220213018861274
-0.052226773847003
0.743335842851053
0.446915728347610
-0.035369471301036
0.347620701725679
-0.417026478871659
-0.108766429321273
-0.054904884278801
-0.088252590119567
0.046777191192461
-0.556330394138117
0.008175618229681
0.655592295238887
0.124875390706701
0.188215119287845
0.357849036236326
-0.301477922038177
0.626410403403152
-0.154880413340307
0.107622073962517
0.005407339838970
0.096873743257105
-0.089065733951307
-0.310054039093634
0.057435098591675
0.134353228689918
0.598898586502193
0.480891951223322
-0.099170786106270
-0.302490328500203
0.127737055275890
-0.066812438342021
-0.061806250332842
-0.163333791119363
-0.367031085020538
0.528950730255594
-0.498546593165964
0.259876410774408
0.078758634619187
0.029949695799865
0.080034445223777
0.716734389514147
0.049967096834701
0.395906773621758
-0.425282220374991
0.114648436855517
0.580016897691765
0.311027628230271
0.263670605915841
0.176378571046042
0.384998044440897
-0.361009952039047
-0.210422239558575
0.257067833711628
-0.023662698889617
0.577974987324949
-0.416536510868719
0.065392732610544
0.188450051295682
0.442186329825020
-0.007117317036653
0.718641795505729
0.046842851368574
-0.044063682255627
0.333193751126799
0.035974286494212
-0.114235107701341
-0.041065413395227
0.277318922351305
0.026523513701320
-0.339618147442741
0.499187673485707
0.067970638723491
0.036452862737954
0.721289846372972
-0.200882205270864
-0.063625550658831
0.117112737114302
-0.033777659190999
-0.222083135730981
0.779519224492168
-0.170679468639010
0.025452291977045
0.069852127311484
-0.039066935962343
0.302776419750071
-0.049537593083887
0.038142381756923
0.490511303587305
-0.352801355743940
0.474671974932722
-0.301226553519014
-0.274246267088058
0.643368986794245
-0.119847042835706
0.062517507838458
0.117125263784962
0.311568552174957
-0.060074344046864
-0.485398158578851
0.160221997842079
0.414302226215067
-0.198365864217416
-0.247082002501093
0.109888427700719
0.258084146746535
0.531942455188156
-0.054582670815255
-0.157014408188831
0.127074944962729
-0.441466747748936
0.066544727132347
0.193536459626610
0.625136699331265
0.113213391860135
0.011495040888139
0.118156639994214
0.059967829042823
-0.020828253761136
0.684156948880565
0.338893537754947
0.593268400250226
0.636002567254034
0.006884949051254
0.005188076061418
0.248891682011363
-0.105370879182351
-0.015905036469336
0.135505298772942
0.150954486423199
-0.338761637590061
-0.173802995496241
0.573063667224834
-0.250359526546730
-0.251378163676814
0.292152336529033
0.051881515984348
-0.421551819479465
0.292238630099402
0.366034583480728
0.663313531333533
-0.091664298850433
0.018984553128188
-0.057036580108557
0.764699337848795
0.062870571777324
-0.242816135675151
0.098757807372625
-0.289163403282158
-0.002226442714275
0.556418120892447
0.113019966081946
0.062258537816943
-0.436405141155966
0.061893011168189
0.010519714626055
-0.172730918477515
-0.209972719017077
0.354418996119627
0.035961746777643
0.513570903260761
0.474737716573021
-0.357580775127986
0.534911272226712
-0.143338052784099
-0.170221216390122
0.016206363592116
0.033803703198131
0.072397303291205
0.612273628750903
-0.133470253057386
0.155012339577695
0.295938111470527
0.429341926779464
-0.309356424556436
0.590991015496282
-0.060295824359691
-0.390766541445491
0.184024591911891
-0.076107461721236
-0.159359889058831
0.000383217193486
0.664077931483939
0.045943879518277
-0.454247812099303
0.248560269997726
-0.090346992538075
-0.269669782455427
0.545158652800785
0.333733799511221
-0.028148963258214
0.484208486952756
-0.001981089594631
-0.054283466960026
-0.157838373823734
0.166908908265624
0.009732809372992
0.094417850543567
0.066165144577899
-0.121735398673101
-0.300650911970669
-0.369625741868815
0.123062893049763
0.317576245686415
-0.005548503727270
-0.000711247464054
0.430613448891421
0.012027164135810
0.161733028549073
0.430528036723768
0.201228855658725
-0.209887535562302
0.154618145030132
0.144111264305440
-0.051995773852460
-0.003878316777435
-0.075067946340875
-0.050592140346398
0.154199128466428
-0.145770259605261
0.000221538625626
0.460570875091445
-0.324849038114412
0.159533858188944
-0.084896795863083
0.303717278571287
0.173883568306289
0.324551383021449
0.079523166232676
0.004555506633529
0.190878595993261
0.096699202788003
0.059547682815310
-0.271378225882583
-0.097698427381725
-0.403965491714186
0.027222882601239
0.171419959145356
-0.000106830451228
0.095743736551037
0.195854159560339
0.109435574872338
-0.398602428990836
0.042228062898159
0.001569640242212
-0.051105470101717
-0.179987297369001
-0.163521676472210
0.068072097720785
-0.001816848616009
-0.012616827159926
-0.156492572974411
-0.249730836303794
-0.074745223455281
-0.269260556862442
-0.172360472492494
-0.211217319535962
0.026079841787747
-0.001434172165478
0.217761695643799
0.228017617132869
0.009344762238565
-0.084879358101583
-0.004164985286668
-0.001249164531482
0.304323237468023
-0.192760380749866
0.015075478349780
-0.498433711377344
0.003687500925858
-0.279022950405872
0.378251807169418
-0.159200592801294
-0.217038671244242
0.001763363932915
-0.250325844665875
0.078162136978928
-0.006839369676997
-0.550793172451899
0.100147311752345
0.050439778059686
0.172534184494252
0.178436858990830
0.002704820690854
-0.229967467792401
0.012870247835910
-0.095411009724162
0.303440342669774
-0.170568001680632
0.296895603425206
0.255648160050719
0.001710741431553
-0.048041448945053
-0.062762235572378
-0.242051687367058
-0.146345852642542
0.004078566619645
0.142201094928796
-0.194009739508632
-0.372827522818582
0.099411821524629
-0.062592769984739
-0.084335716455024
-0.413532623648842
0.086130731724828
-0.027897180267605
-0.083052188971254
0.329076976896230
-0.215040056967257
0.000916725281652
0.182952627766370
0.377892794761821
0.060802297346284
0.062946314110054
-0.230615106298325
-0.302535618048285
0.000953045003996
-0.097014195731523
-0.192062769862314
-0.220825107547542
0.455336332430204
-0.121265950070160
0.001148559106639
-0.262751912887187
-0.045110146297844
0.001232273745141
0.353445189790717
0.078448135728337
-0.153531503627229
0.100112812553620
0.058714610519721
0.248702863497520
-0.439810469584785
-0.039625418943613
-0.075258923001039
-0.001397465898622
-0.236882536030360
0.202424199923061
0.160508807051265
-0.006023273764092
0.050128177069229
-0.047994877388129
0.152583001939571
-0.001197016337580
0.112155078371468
-0.004489657371429
-0.096543674220221
0.004487231028268
0.421341220466864
0.042796627426564
-0.235596039336234
-0.105422638361029
-0.311309826719359
-0.004381976236096
-0.343663942380566
-0.022309477762218
-0.210988475615170
-0.447949055987009
0.136540475156785
0.080712028239416
-0.297508306122060
-0.253959678316234
-0.055903039227506
-0.002955951393720
0.031327661981471
-0.136154251866082
0.259603540450793
-0.247150376141303
0.315129886987406
0.127597184346672
0.194041626130412
-0.032824802878771
0.005324873564196
0.254187694979458
-0.286844725678571
-0.018214887000575
-0.156676178659443
-0.004068114515728
-0.000779082902517
0.256608654271214
-0.266597595101450
-0.009831862072072
-0.064958679740694
-0.415158850954928
-0.249882645665938
0.005348212858465
-0.170060779934604
0.282949243443268
0.128923069905830
0.192743859032761
0.305002733080309
0.004259962678531
0.043848521367048
0.113245936574730
