0.131158852727022
0.552716640978218
0.533505220495057
0.021782024240462
-0.199722058825787
-0.251289587880843
0.019896022594994
-0.060102558701138
-0.065866338137881
0.162862687333418
0.054450097031725
-0.196706307322185
-0.101788345220789
0.778856004765552
0.464648530096558
-0.059924686178027
0.375221500454578
-0.418502917122944
-0.050886677997724
-0.051536600719469
-0.076255241928171
-0.055575901311278
-0.403855103218518
-0.043015627713118
0.619207339212585
0.047443936446664
0.277418305779767
0.413177685490987
-0.272884571959456
0.596652506615986
-0.172649859466525
0.081999391148378
0.003106257853708
0.119000866248120
-0.107224141815760
-0.283718066324919
0.056030412170072
0.095484028811940
0.595445503799370
0.454009291737093
-0.162392129306073
-0.292487207341204
0.066956452930278
0.084602187439045
-0.111417649636616
-0.162344217103273
-0.333447409427264
0.563147039525449
-0.499488261281001
0.216457217315846
-0.004452503479744
0.068237620893994
0.043341588675890
0.738379309431123
0.050496407976677
0.401873581987247
-0.447575896161556
0.193784035470553
0.571953395846253
0.325324796317416
0.216736970326780
0.107413207619470
0.366903096420111
-0.354116340317835
0.032929054821229
0.151360629443331
-0.000821523880593
0.506588028758181
-0.529445907278400
0.101067035597950
0.127905234349097
0.464070919563177
-0.127873154299100
0.633807958491605
0.160941937331190
-0.075958614620241
0.430448928896990
-0.005292472249660
-0.135685789663296
-0.043184932095795
0.228346449336268
-0.002221528000965
-0.336613165502142
0.504750977456493
0.042130265808414
0.039219238808504
0.769155861293767
-0.234361114985069
0.013248266940442
0.089810341857698
0.041668474566058
-0.257995376103035
0.808365419452508
-0.128779172995279
-0.105283443975871
0.095445329318173
-0.049677249408882
0.196106771335089
-0.074768154458505
0.054973201855540
0.480347563406277
-0.321729081156051
0.505241781583574
-0.291250786317404
-0.329896172463666
0.573510908620226
-0.132920116714020
0.042230749813415
0.158542235776996
0.380089098130988
-0.049097406871407
-0.462528102970015
0.209386001606731
0.384385010867703
-0.220624012139878
-0.242724443031254
0.146808504528949
0.240123212065175
0.433978830776866
-0.027014395201556
-0.137419136996456
0.061584516585404
-0.455022520260526
0.005945421236567
0.286545358591125
0.612517254390430
0.274637665412257
0.095529204602621
0.177895667697379
0.174137569428264
0.009364602172290
0.602499468615705
0.422605729067096
0.716978665503813
0.585610579831022
-0.132324985063168
0.075828125950885
0.068621312348117
0.052262840944970
-0.091431329478048
0.195538815501204
0.320510886287615
-0.363483769120735
-0.135852334912372
0.439268731628150
-0.332906601929171
-0.158218126077963
0.216985656501760
0.058648867146290
-0.356823144388210
0.325734884904717
0.397511524789889
0.679393314587611
-0.096453217437744
0.009907324612186
-0.021461095764148
0.719490255957876
0.003432769911095
-0.327003825632170
0.101017605819419
-0.257406192525628
-0.008511006753617
0.628993626874700
0.106739729611415
0.030693449796391
-0.443641809999642
0.059717948182601
0.009114518927221
-0.238391055035751
-0.260794632421568
0.306995927567043
0.101626906409609
0.433757237039729
0.429166885196960
-0.361296016453663
0.642371559740975
-0.274486840866680
-0.318314109876355
0.000484241606589
0.084739468401931
0.048068156679524
0.518890088684749
-0.064327940198790
0.207531124362351
0.315409447858200
0.585056452404954
-0.324741215634950
0.474432232986769
-0.088712975027438
-0.417933704289829
0.159683839491390
0.020380040376518
-0.108477017401397
0.030703264090738
0.668724592139193
0.125187566517393
-0.485845500961970
0.193179318596604
-0.126827154581848
-0.260144777670470
0.611064368779737
0.309228377343803
-0.002387830914309
0.168047726697755
-0.285808631575513
0.414558274065126
0.480714613976803
0.242359079248250
-0.131122950598213
-0.100410884323710
0.471769164238901
-0.050568855356696
0.072343851979954
-0.083972009593977
0.219726419391291
-0.039456163745583
0.039030895175726
0.086358672694920
-0.093893982328917
-0.264209252948812
-0.304676479119471
0.202754880793497
0.293920297430877
-0.021964875508955
0.031884094744826
0.364828738436133
0.044320429916426
0.210387352264183
0.414034834685663
0.212968215450237
-0.237466891958306
0.253684788742243
0.243573748904455
-0.041281343019148
0.091714434618767
-0.189253243288471
-0.026691310862251
0.168189215457868
-0.204127085630818
-0.057619414273624
0.378812785392562
-0.324859209423907
0.260355252389894
-0.002429616006528
0.381482364237665
0.151663183533428
0.392698529850022
0.096357973353237
0.041408149265108
0.157518654069369
0.062130454746627
0.133274253591632
-0.256811394216817
-0.183057773343189
-0.369460782234208
-0.031900743732476
0.164545875614485
0.029320808542353
0.082844776784592
0.070922905688134
0.218252842952262
-0.404785940001204
-0.038443222127359
-0.065756772798885
-0.100513398866714
-0.070103618150444
-0.122214935927110
0.067186759912825
0.005828390039279
0.114635873392755
-0.092103275890017
-0.303367531634067
-0.053716696315570
-0.229786018152676
-0.236690845639146
-0.284024236701750
-0.176301303864673
-0.020006112266769
0.230371335035971
0.171465304541453
0.080698773682340
-0.152461388152403
0.027848212006111
0.074534480677303
0.294121490516937
-0.103228919720983
0.002173100332333
-0.488857672569639
0.019769176845385
-0.289295090625168
0.446489897329734
-0.131520552325537
-0.139438854360473
0.017579455820740
-0.264276597661594
0.096987177892290
0.045291739080858
-0.439879733111545
0.042332105880924
0.177131668220092
0.179503637632531
0.077809448118610
0.002298965251629
-0.182746003993741
0.014192889860635
-0.063293948567676
0.326691512031161
-0.227791453515219
0.261067718004549
0.219141063863282
-0.007955413594536
-0.051618427653978
-0.067775744838894
-0.209574484121826
-0.201976726166083
-0.022730262161759
0.188925544200586
-0.144153778215483
-0.408214260857180
0.189054598903863
-0.047072179840832
-0.064044730483684
-0.472820820041503
0.009893865441052
-0.154677669966136
-0.116621936891841
0.355215300526353
-0.213886758297133
0.012542206558162
0.111935882650953
0.392664274803939
0.086525567090228
0.089284030742052
-0.085722780125503
-0.349669595855467
-0.020896683607715
-0.038053879396831
-0.225574734228584
-0.232070413446128
0.369840211676191
-0.074223406909108
-0.036750371250245
-0.248914509595592
-0.052678919260212
-0.006483207636858
0.228222194895611
0.075503839912970
-0.156398368747490
0.133450939538682
-0.032697935288372
0.182003877207329
-0.410476784628815
-0.020471467897159
-0.114288182847687
-0.127824159924091
-0.335277880757437
0.189199607596320
0.120881534242548
-0.029885161677969
0.153933354668309
-0.030475266044937
0.185438380098519
0.048335826778306
0.101509701731202
-0.040003874993773
-0.192686501586785
-0.083754164816735
0.474315840555839
-0.077147796723613
-0.129875636780497
-0.069506180609185
-0.199611526013216
-0.009692576841130
-0.318199196564062
0.001544184796579
-0.217346513034588
-0.430809707669545
0.132149262171593
0.177960503824472
-0.221070019582150
-0.377245104427725
-0.039996858686664
-0.014915328221924
0.116495058993777
-0.171662143775757
0.247517283912602
-0.165470704849309
0.104229069713633
0.028808994179085
0.138771725463430
-0.105141241317657
0.036084727130707
0.125844262336497
-0.259995597776850
0.073724529187000
-0.269328614818033
-0.000102301865364
-0.038159077397223
0.098701365852842
-0.231634455893099
-0.048491586857144
0.018045041069679
-0.333229818861138
-0.277904800397077
0.001621144815268
-0.281487631119407
0.216826278911263
0.167319128235710
0.091674291482255
0.227781147596103
-0.102693038582790
-0.005538720256070
0.167253171196266
-0.290543459263182
-0.071619053104301
-0.160547956203656
-0.068816579128277
-0.525829750480153
0.032912753589014
0.058978417175466
